Inference for Stan model: 5d686f1d267a1c5fb9932e4f79238041.
4 chains, each with iter=10000; warmup=5000; thin=10; 
post-warmup draws per chain=500, total post-warmup draws=2000.

                       mean se_mean    sd     2.5%      25%      50%      75%    97.5% n_eff Rhat
alpha                  3.65    0.01  0.24     3.29     3.60     3.65     3.69     4.03  1074 1.00
beta_dairy             0.20    0.00  0.09     0.02     0.15     0.20     0.26     0.39  1139 1.00
beta_winter            0.82    0.00  0.08     0.66     0.77     0.83     0.88     0.98  1098 1.00
beta_dairy_winter      0.21    0.00  0.13    -0.05     0.14     0.21     0.29     0.47  1266 1.00
theta_alpha            4.81    0.01  0.28     4.23     4.66     4.81     5.00     5.34   640 1.01
theta_dairy            1.04    0.01  0.43     0.25     0.75     1.05     1.27     1.93   889 1.00
theta_winter           3.32    0.01  0.33     2.69     3.11     3.34     3.51     4.02   935 1.01
theta_dairy_winter    -1.13    0.02  0.53    -2.28    -1.42    -1.15    -0.78    -0.11  1036 1.00
sigma_region           0.21    0.02  0.53     0.00     0.03     0.08     0.19     1.28   846 1.01
sigma_square           0.09    0.00  0.05     0.01     0.05     0.08     0.12     0.20   213 1.01
b_region[1]            3.62    0.00  0.06     3.50     3.59     3.63     3.66     3.73  1112 1.01
b_region[2]            3.67    0.00  0.06     3.57     3.64     3.66     3.71     3.79  1426 1.00
b_region[3]            3.62    0.00  0.06     3.51     3.59     3.63     3.65     3.72   853 1.00
b_square[1,1]          0.03    0.00  0.08    -0.13    -0.02     0.02     0.07     0.20   259 1.01
b_square[1,2]         -0.01    0.00  0.07    -0.17    -0.05    -0.01     0.03     0.13  1849 1.00
b_square[1,3]          0.04    0.00  0.08    -0.10    -0.01     0.02     0.08     0.22   688 1.01
b_square[1,4]          0.11    0.01  0.11    -0.05     0.02     0.09     0.16     0.38   402 1.00
b_square[1,5]          0.00    0.00  0.07    -0.17    -0.04     0.00     0.03     0.15  1029 1.00
b_square[1,6]          0.01    0.01  0.08    -0.13    -0.04     0.00     0.05     0.19   109 1.02
b_square[1,7]         -0.05    0.01  0.09    -0.25    -0.09    -0.03     0.01     0.09   134 1.02
b_square[1,8]         -0.03    0.00  0.08    -0.23    -0.07    -0.02     0.01     0.11   383 1.01
b_square[1,9]         -0.11    0.01  0.10    -0.35    -0.16    -0.09    -0.03     0.03   361 1.00
b_square[1,10]        -0.01    0.00  0.08    -0.20    -0.05    -0.01     0.03     0.14  1685 1.00
b_square[2,1]          0.03    0.00  0.09    -0.12    -0.01     0.02     0.07     0.23   869 1.00
b_square[2,2]          0.01    0.00  0.08    -0.15    -0.02     0.01     0.05     0.19   659 1.01
b_square[2,3]          0.00    0.01  0.08    -0.14    -0.05     0.00     0.04     0.17   154 1.01
b_square[2,4]         -0.01    0.01  0.08    -0.20    -0.05    -0.01     0.04     0.13   144 1.02
b_square[2,5]          0.02    0.00  0.08    -0.15    -0.02     0.02     0.07     0.20   315 1.01
b_square[2,6]          0.07    0.00  0.09    -0.08     0.00     0.05     0.12     0.27   552 1.01
b_square[2,7]          0.02    0.01  0.07    -0.13    -0.02     0.01     0.07     0.17   113 1.03
b_square[2,8]          0.04    0.01  0.08    -0.11    -0.01     0.02     0.10     0.21    63 1.04
b_square[2,9]         -0.06    0.00  0.08    -0.26    -0.10    -0.04    -0.01     0.07   695 1.01
b_square[2,10]        -0.03    0.00  0.08    -0.22    -0.07    -0.01     0.01     0.10   660 1.01
b_square[3,1]          0.07    0.01  0.11    -0.07     0.00     0.05     0.14     0.32    76 1.03
b_square[3,2]          0.08    0.00  0.09    -0.05     0.01     0.06     0.14     0.30   374 1.01
b_square[3,3]          0.02    0.00  0.08    -0.16    -0.02     0.02     0.06     0.18   593 1.00
b_square[3,4]         -0.04    0.00  0.08    -0.22    -0.07    -0.03     0.01     0.10  1048 1.00
b_square[3,5]         -0.04    0.01  0.09    -0.26    -0.08    -0.02     0.01     0.11   252 1.02
b_square[3,6]         -0.01    0.00  0.07    -0.18    -0.05    -0.01     0.03     0.12   626 1.01
b_square[3,7]         -0.04    0.00  0.08    -0.21    -0.07    -0.03     0.01     0.10   729 1.01
b_square[3,8]         -0.06    0.01  0.08    -0.26    -0.11    -0.05     0.00     0.08   172 1.01
b_square[3,9]         -0.01    0.00  0.08    -0.20    -0.05     0.00     0.02     0.12   630 1.00
b_square[3,10]        -0.04    0.00  0.08    -0.22    -0.08    -0.03     0.00     0.09   709 1.00
mu[1]                  3.65    0.01  0.09     3.47     3.58     3.65     3.71     3.83   143 1.02
mu[2]                  3.65    0.01  0.09     3.47     3.58     3.65     3.71     3.83   143 1.02
mu[3]                  3.65    0.01  0.09     3.47     3.58     3.65     3.71     3.83   143 1.02
mu[4]                  3.61    0.00  0.09     3.43     3.56     3.62     3.66     3.79  1789 1.00
mu[5]                  3.61    0.00  0.09     3.43     3.56     3.62     3.66     3.79  1789 1.00
mu[6]                  3.82    0.00  0.11     3.57     3.76     3.82     3.89     4.03  1167 1.00
mu[7]                  3.86    0.00  0.11     3.65     3.80     3.85     3.93     4.08  1066 1.00
mu[8]                  3.86    0.00  0.11     3.65     3.80     3.85     3.93     4.08  1066 1.00
mu[9]                  3.66    0.00  0.09     3.49     3.60     3.65     3.71     3.86   902 1.00
mu[10]                 3.93    0.01  0.13     3.71     3.85     3.92     4.00     4.23   453 1.00
mu[11]                 3.93    0.01  0.13     3.71     3.85     3.92     4.00     4.23   453 1.00
mu[12]                 3.73    0.01  0.13     3.51     3.64     3.71     3.80     4.02   407 1.00
mu[13]                 3.62    0.00  0.08     3.45     3.57     3.63     3.67     3.79  1292 1.01
mu[14]                 3.62    0.00  0.08     3.45     3.57     3.63     3.67     3.79  1292 1.01
mu[15]                 3.62    0.00  0.08     3.45     3.57     3.63     3.67     3.79  1292 1.01
mu[16]                 3.84    0.01  0.10     3.65     3.77     3.83     3.91     4.05   393 1.01
mu[17]                 3.64    0.00  0.09     3.46     3.58     3.63     3.69     3.85   988 1.01
mu[18]                 3.84    0.01  0.10     3.65     3.77     3.83     3.91     4.05   393 1.01
mu[19]                 3.84    0.01  0.10     3.65     3.77     3.83     3.91     4.05   393 1.01
mu[20]                 3.78    0.01  0.12     3.50     3.71     3.80     3.86     3.99   512 1.01
mu[21]                 3.78    0.01  0.12     3.50     3.71     3.80     3.86     3.99   512 1.01
mu[22]                 3.58    0.01  0.09     3.36     3.52     3.58     3.65     3.72    81 1.03
mu[23]                 3.58    0.01  0.09     3.36     3.52     3.58     3.65     3.72    81 1.03
mu[24]                 3.79    0.00  0.11     3.55     3.73     3.80     3.86     3.99   677 1.01
mu[25]                 3.59    0.00  0.09     3.39     3.54     3.60     3.64     3.76   491 1.01
mu[26]                 3.79    0.00  0.11     3.55     3.73     3.80     3.86     3.99   677 1.01
mu[27]                 3.79    0.00  0.11     3.55     3.73     3.80     3.86     3.99   677 1.01
mu[28]                 3.72    0.01  0.14     3.40     3.64     3.73     3.81     3.95   555 1.00
mu[29]                 3.52    0.00  0.10     3.29     3.46     3.53     3.58     3.68   415 1.01
mu[30]                 3.52    0.00  0.10     3.29     3.46     3.53     3.58     3.68   415 1.01
mu[31]                 3.52    0.00  0.10     3.29     3.46     3.53     3.58     3.68   415 1.01
mu[32]                 3.61    0.00  0.09     3.43     3.56     3.62     3.66     3.77  1641 1.00
mu[33]                 3.81    0.00  0.11     3.56     3.75     3.82     3.88     4.03  1342 1.00
mu[34]                 3.61    0.00  0.09     3.43     3.56     3.62     3.66     3.77  1641 1.00
mu[35]                 3.91    0.00  0.11     3.70     3.83     3.90     3.98     4.14   630 1.01
mu[36]                 3.91    0.00  0.11     3.70     3.83     3.90     3.98     4.14   630 1.01
mu[37]                 3.70    0.00  0.10     3.53     3.64     3.69     3.76     3.92   820 1.00
mu[38]                 3.69    0.00  0.09     3.50     3.63     3.68     3.74     3.87   715 1.01
mu[39]                 3.69    0.00  0.09     3.50     3.63     3.68     3.74     3.87   715 1.01
mu[40]                 3.67    0.01  0.09     3.51     3.61     3.67     3.73     3.85   121 1.02
mu[41]                 3.67    0.01  0.09     3.51     3.61     3.67     3.73     3.85   121 1.02
mu[42]                 3.67    0.01  0.09     3.51     3.61     3.67     3.73     3.85   121 1.02
mu[43]                 3.66    0.00  0.09     3.47     3.60     3.67     3.72     3.82   724 1.01
mu[44]                 3.66    0.00  0.09     3.47     3.60     3.67     3.72     3.82   724 1.01
mu[45]                 3.90    0.00  0.10     3.69     3.84     3.90     3.96     4.10  1394 1.00
mu[46]                 3.90    0.00  0.10     3.69     3.84     3.90     3.96     4.10  1394 1.00
mu[47]                 3.90    0.00  0.10     3.69     3.84     3.90     3.96     4.10  1394 1.00
mu[48]                 3.94    0.00  0.10     3.75     3.88     3.94     4.00     4.15  1353 1.00
mu[49]                 3.74    0.00  0.10     3.56     3.67     3.73     3.79     3.95   887 1.01
mu[50]                 3.94    0.00  0.10     3.75     3.88     3.94     4.00     4.15  1353 1.00
mu[51]                 3.94    0.00  0.10     3.75     3.88     3.94     4.00     4.15  1353 1.00
mu[52]                 3.69    0.00  0.08     3.53     3.64     3.70     3.75     3.85   468 1.01
mu[53]                 3.69    0.00  0.08     3.53     3.64     3.70     3.75     3.85   468 1.01
mu[54]                 3.69    0.00  0.08     3.53     3.64     3.70     3.75     3.85   468 1.01
mu[55]                 3.90    0.00  0.10     3.68     3.83     3.90     3.95     4.10  1167 1.00
mu[56]                 3.92    0.00  0.10     3.72     3.85     3.92     3.98     4.11   555 1.01
mu[57]                 3.71    0.01  0.10     3.52     3.65     3.71     3.78     3.90   177 1.02
mu[58]                 3.92    0.00  0.10     3.72     3.85     3.92     3.98     4.11   555 1.01
mu[59]                 3.92    0.00  0.10     3.72     3.85     3.92     3.98     4.11   555 1.01
mu[60]                 3.82    0.00  0.12     3.54     3.75     3.82     3.90     4.04   924 1.01
mu[61]                 3.61    0.00  0.09     3.43     3.56     3.62     3.67     3.77   854 1.00
mu[62]                 3.61    0.00  0.09     3.43     3.56     3.62     3.67     3.77   854 1.00
mu[63]                 3.61    0.00  0.09     3.43     3.56     3.62     3.67     3.77   854 1.00
mu[64]                 3.64    0.00  0.08     3.46     3.60     3.65     3.69     3.79  1112 1.00
mu[65]                 3.64    0.00  0.08     3.46     3.60     3.65     3.69     3.79  1112 1.00
mu[66]                 3.64    0.00  0.08     3.46     3.60     3.65     3.69     3.79  1112 1.00
mu[67]                 3.64    0.00  0.08     3.46     3.60     3.65     3.69     3.79  1112 1.00
mu[68]                 3.70    0.01  0.11     3.52     3.61     3.67     3.77     3.96   114 1.02
mu[69]                 3.70    0.01  0.11     3.52     3.61     3.67     3.77     3.96   114 1.02
mu[70]                 3.70    0.01  0.11     3.52     3.61     3.67     3.77     3.96   114 1.02
mu[71]                 3.90    0.01  0.12     3.69     3.80     3.89     3.98     4.17   105 1.02
mu[72]                 3.70    0.00  0.10     3.53     3.63     3.70     3.77     3.92   486 1.00
mu[73]                 3.70    0.00  0.10     3.53     3.63     3.70     3.77     3.92   486 1.00
mu[74]                 3.70    0.00  0.10     3.53     3.63     3.70     3.77     3.92   486 1.00
mu[75]                 3.70    0.00  0.10     3.53     3.63     3.70     3.77     3.92   486 1.00
mu[76]                 3.64    0.00  0.09     3.46     3.58     3.64     3.69     3.81   462 1.01
mu[77]                 3.64    0.00  0.09     3.46     3.58     3.64     3.69     3.81   462 1.01
mu[78]                 3.58    0.00  0.09     3.39     3.54     3.59     3.64     3.74  1068 1.00
mu[79]                 3.58    0.00  0.09     3.39     3.54     3.59     3.64     3.74  1068 1.00
mu[80]                 3.58    0.01  0.09     3.35     3.53     3.60     3.64     3.74   291 1.02
mu[81]                 3.58    0.01  0.09     3.35     3.53     3.60     3.64     3.74   291 1.02
mu[82]                 3.61    0.00  0.08     3.44     3.56     3.62     3.67     3.76   468 1.01
mu[83]                 3.61    0.00  0.08     3.44     3.56     3.62     3.67     3.76   468 1.01
mu[84]                 3.61    0.00  0.08     3.44     3.56     3.62     3.67     3.76   468 1.01
mu[85]                 3.61    0.00  0.08     3.44     3.56     3.62     3.67     3.76   468 1.01
mu[86]                 3.59    0.00  0.08     3.39     3.54     3.59     3.64     3.74   516 1.01
mu[87]                 3.59    0.00  0.08     3.39     3.54     3.59     3.64     3.74   516 1.01
mu[88]                 3.59    0.00  0.08     3.39     3.54     3.59     3.64     3.74   516 1.01
mu[89]                 3.59    0.00  0.08     3.39     3.54     3.59     3.64     3.74   516 1.01
mu[90]                 3.56    0.00  0.08     3.38     3.51     3.56     3.62     3.71   604 1.00
mu[91]                 3.56    0.00  0.08     3.38     3.51     3.56     3.62     3.71   604 1.00
mu[92]                 3.56    0.00  0.08     3.38     3.51     3.56     3.62     3.71   604 1.00
mu[93]                 3.56    0.00  0.08     3.38     3.51     3.56     3.62     3.71   604 1.00
mu[94]                 3.61    0.00  0.08     3.43     3.56     3.62     3.66     3.75   493 1.00
mu[95]                 3.61    0.00  0.08     3.43     3.56     3.62     3.66     3.75   493 1.00
mu[96]                 3.61    0.00  0.08     3.43     3.56     3.62     3.66     3.75   493 1.00
mu[97]                 3.61    0.00  0.08     3.43     3.56     3.62     3.66     3.75   493 1.00
mu[98]                 3.78    0.00  0.12     3.53     3.71     3.79     3.86     4.02   849 1.00
mu[99]                 3.58    0.00  0.08     3.39     3.53     3.59     3.63     3.73   726 1.00
mu[100]                3.58    0.00  0.08     3.39     3.53     3.59     3.63     3.73   726 1.00
mu[101]                3.58    0.00  0.08     3.39     3.53     3.59     3.63     3.73   726 1.00
mu[102]                4.47    0.01  0.11     4.25     4.40     4.47     4.55     4.67   120 1.02
mu[103]                4.89    0.01  0.10     4.68     4.82     4.89     4.96     5.08   189 1.01
mu[104]                4.47    0.01  0.11     4.25     4.40     4.47     4.55     4.67   120 1.02
mu[105]                4.47    0.01  0.11     4.25     4.40     4.47     4.55     4.67   120 1.02
mu[106]                4.44    0.00  0.11     4.21     4.37     4.45     4.50     4.63   932 1.01
mu[107]                4.85    0.00  0.11     4.63     4.79     4.86     4.92     5.05  1125 1.00
mu[108]                4.44    0.00  0.11     4.21     4.37     4.45     4.50     4.63   932 1.01
mu[109]                4.85    0.00  0.11     4.63     4.79     4.86     4.92     5.05  1125 1.00
mu[110]                4.90    0.00  0.10     4.70     4.83     4.89     4.96     5.11  1035 1.00
mu[111]                4.48    0.00  0.11     4.27     4.41     4.48     4.55     4.72   739 1.00
mu[112]                4.90    0.00  0.10     4.70     4.83     4.89     4.96     5.11  1035 1.00
mu[113]                4.48    0.00  0.11     4.27     4.41     4.48     4.55     4.72   739 1.00
mu[114]                4.97    0.01  0.12     4.76     4.89     4.97     5.04     5.22   515 1.00
mu[115]                4.97    0.01  0.12     4.76     4.89     4.97     5.04     5.22   515 1.00
mu[116]                4.97    0.01  0.12     4.76     4.89     4.97     5.04     5.22   515 1.00
mu[117]                4.55    0.01  0.14     4.32     4.45     4.54     4.63     4.87   452 1.01
mu[118]                4.44    0.00  0.10     4.25     4.38     4.45     4.50     4.65  1024 1.01
mu[119]                4.44    0.00  0.10     4.25     4.38     4.45     4.50     4.65  1024 1.01
mu[120]                4.86    0.00  0.11     4.63     4.80     4.87     4.93     5.07   985 1.00
mu[121]                4.44    0.00  0.10     4.25     4.38     4.45     4.50     4.65  1024 1.01
mu[122]                4.88    0.00  0.10     4.69     4.82     4.87     4.94     5.08  1148 1.01
mu[123]                4.46    0.00  0.11     4.25     4.39     4.45     4.52     4.69  1398 1.00
mu[124]                4.88    0.00  0.10     4.69     4.82     4.87     4.94     5.08  1148 1.01
mu[125]                4.88    0.00  0.10     4.69     4.82     4.87     4.94     5.08  1148 1.01
mu[126]                4.82    0.01  0.12     4.55     4.75     4.83     4.90     5.01   136 1.02
mu[127]                4.82    0.01  0.12     4.55     4.75     4.83     4.90     5.01   136 1.02
mu[128]                4.40    0.01  0.12     4.15     4.32     4.41     4.49     4.59    77 1.04
mu[129]                4.40    0.01  0.12     4.15     4.32     4.41     4.49     4.59    77 1.04
mu[130]                4.83    0.00  0.10     4.60     4.77     4.84     4.89     5.02   440 1.01
mu[131]                4.41    0.01  0.11     4.18     4.34     4.43     4.48     4.61   286 1.02
mu[132]                4.83    0.00  0.10     4.60     4.77     4.84     4.89     5.02   440 1.01
mu[133]                4.83    0.00  0.10     4.60     4.77     4.84     4.89     5.02   440 1.01
mu[134]                4.76    0.01  0.13     4.45     4.69     4.78     4.85     4.98   436 1.00
mu[135]                4.34    0.01  0.12     4.08     4.27     4.36     4.42     4.56   431 1.01
mu[136]                4.34    0.01  0.12     4.08     4.27     4.36     4.42     4.56   431 1.01
mu[137]                4.34    0.01  0.12     4.08     4.27     4.36     4.42     4.56   431 1.01
mu[138]                4.43    0.00  0.11     4.20     4.36     4.44     4.50     4.63   935 1.00
mu[139]                4.85    0.00  0.11     4.61     4.79     4.86     4.91     5.05  1227 1.00
mu[140]                4.43    0.00  0.11     4.20     4.36     4.44     4.50     4.63   935 1.00
mu[141]                4.53    0.00  0.12     4.28     4.45     4.52     4.60     4.79  1179 1.00
mu[142]                4.94    0.00  0.11     4.72     4.88     4.94     5.01     5.16   621 1.00
mu[143]                4.94    0.00  0.11     4.72     4.88     4.94     5.01     5.16   621 1.00
mu[144]                4.53    0.00  0.12     4.28     4.45     4.52     4.60     4.79  1179 1.00
mu[145]                4.51    0.00  0.11     4.29     4.45     4.51     4.58     4.73   728 1.01
mu[146]                4.51    0.00  0.11     4.29     4.45     4.51     4.58     4.73   728 1.01
mu[147]                4.51    0.00  0.11     4.29     4.45     4.51     4.58     4.73   728 1.01
mu[148]                4.51    0.00  0.11     4.29     4.45     4.51     4.58     4.73   728 1.01
mu[149]                4.50    0.00  0.10     4.30     4.43     4.49     4.57     4.71   992 1.01
mu[150]                4.50    0.00  0.10     4.30     4.43     4.49     4.57     4.71   992 1.01
mu[151]                4.50    0.00  0.10     4.30     4.43     4.49     4.57     4.71   992 1.01
mu[152]                4.50    0.00  0.10     4.30     4.43     4.49     4.57     4.71   992 1.01
mu[153]                4.48    0.01  0.11     4.25     4.41     4.49     4.56     4.69   348 1.01
mu[154]                4.48    0.01  0.11     4.25     4.41     4.49     4.56     4.69   348 1.01
mu[155]                4.48    0.01  0.11     4.25     4.41     4.49     4.56     4.69   348 1.01
mu[156]                4.48    0.01  0.11     4.25     4.41     4.49     4.56     4.69   348 1.01
mu[157]                4.93    0.00  0.10     4.73     4.87     4.94     5.00     5.13  1048 1.00
mu[158]                4.93    0.00  0.10     4.73     4.87     4.94     5.00     5.13  1048 1.00
mu[159]                4.93    0.00  0.10     4.73     4.87     4.94     5.00     5.13  1048 1.00
mu[160]                4.52    0.00  0.11     4.30     4.45     4.52     4.59     4.75   589 1.01
mu[161]                4.98    0.00  0.10     4.78     4.91     4.98     5.04     5.19   829 1.01
mu[162]                4.56    0.00  0.12     4.34     4.48     4.56     4.63     4.82   672 1.01
mu[163]                4.98    0.00  0.10     4.78     4.91     4.98     5.04     5.19   829 1.01
mu[164]                4.98    0.00  0.10     4.78     4.91     4.98     5.04     5.19   829 1.01
mu[165]                4.52    0.01  0.11     4.30     4.45     4.52     4.59     4.73   367 1.01
mu[166]                4.52    0.01  0.11     4.30     4.45     4.52     4.59     4.73   367 1.01
mu[167]                4.52    0.01  0.11     4.30     4.45     4.52     4.59     4.73   367 1.01
mu[168]                4.93    0.00  0.10     4.73     4.87     4.94     5.00     5.12  1075 1.01
mu[169]                4.95    0.01  0.10     4.75     4.88     4.96     5.02     5.13   206 1.02
mu[170]                4.54    0.01  0.12     4.30     4.45     4.54     4.63     4.75   138 1.02
mu[171]                4.95    0.01  0.10     4.75     4.88     4.96     5.02     5.13   206 1.02
mu[172]                4.95    0.01  0.10     4.75     4.88     4.96     5.02     5.13   206 1.02
mu[173]                4.85    0.00  0.12     4.60     4.79     4.86     4.92     5.07   761 1.00
mu[174]                4.44    0.00  0.11     4.20     4.37     4.45     4.50     4.64   836 1.00
mu[175]                4.44    0.00  0.11     4.20     4.37     4.45     4.50     4.64   836 1.00
mu[176]                4.44    0.00  0.11     4.20     4.37     4.45     4.50     4.64   836 1.00
mu[177]                4.47    0.00  0.11     4.24     4.40     4.48     4.53     4.65   760 1.00
mu[178]                4.47    0.00  0.11     4.24     4.40     4.48     4.53     4.65   760 1.00
mu[179]                4.47    0.00  0.11     4.24     4.40     4.48     4.53     4.65   760 1.00
mu[180]                4.47    0.00  0.11     4.24     4.40     4.48     4.53     4.65   760 1.00
mu[181]                4.52    0.01  0.12     4.31     4.44     4.50     4.60     4.81   234 1.01
mu[182]                4.52    0.01  0.12     4.31     4.44     4.50     4.60     4.81   234 1.01
mu[183]                4.52    0.01  0.12     4.31     4.44     4.50     4.60     4.81   234 1.01
mu[184]                4.94    0.01  0.11     4.74     4.85     4.93     5.01     5.19   124 1.02
mu[185]                4.53    0.01  0.12     4.31     4.45     4.53     4.60     4.78   527 1.01
mu[186]                4.53    0.01  0.12     4.31     4.45     4.53     4.60     4.78   527 1.01
mu[187]                4.53    0.01  0.12     4.31     4.45     4.53     4.60     4.78   527 1.01
mu[188]                4.53    0.01  0.12     4.31     4.45     4.53     4.60     4.78   527 1.01
mu[189]                4.88    0.00  0.11     4.64     4.81     4.89     4.95     5.08   505 1.00
mu[190]                4.88    0.00  0.11     4.64     4.81     4.89     4.95     5.08   505 1.00
mu[191]                4.46    0.01  0.11     4.23     4.39     4.47     4.54     4.67   240 1.01
mu[192]                4.46    0.01  0.11     4.23     4.39     4.47     4.54     4.67   240 1.01
mu[193]                4.41    0.00  0.10     4.18     4.34     4.41     4.48     4.59   986 1.00
mu[194]                4.41    0.00  0.10     4.18     4.34     4.41     4.48     4.59   986 1.00
mu[195]                4.41    0.00  0.10     4.18     4.34     4.41     4.48     4.59   986 1.00
mu[196]                4.41    0.00  0.10     4.18     4.34     4.41     4.48     4.59   986 1.00
mu[197]                4.41    0.01  0.11     4.16     4.34     4.42     4.49     4.60   207 1.01
mu[198]                4.41    0.01  0.11     4.16     4.34     4.42     4.49     4.60   207 1.01
mu[199]                4.41    0.01  0.11     4.16     4.34     4.42     4.49     4.60   207 1.01
mu[200]                4.41    0.01  0.11     4.16     4.34     4.42     4.49     4.60   207 1.01
mu[201]                4.43    0.01  0.10     4.24     4.37     4.44     4.51     4.62   230 1.02
mu[202]                4.43    0.01  0.10     4.24     4.37     4.44     4.51     4.62   230 1.02
mu[203]                4.43    0.01  0.10     4.24     4.37     4.44     4.51     4.62   230 1.02
mu[204]                4.43    0.01  0.10     4.24     4.37     4.44     4.51     4.62   230 1.02
mu[205]                4.41    0.01  0.10     4.19     4.35     4.41     4.48     4.58   360 1.01
mu[206]                4.41    0.01  0.10     4.19     4.35     4.41     4.48     4.58   360 1.01
mu[207]                4.41    0.01  0.10     4.19     4.35     4.41     4.48     4.58   360 1.01
mu[208]                4.41    0.01  0.10     4.19     4.35     4.41     4.48     4.58   360 1.01
mu[209]                4.38    0.00  0.10     4.17     4.32     4.38     4.45     4.58   965 1.00
mu[210]                4.38    0.00  0.10     4.17     4.32     4.38     4.45     4.58   965 1.00
mu[211]                4.38    0.00  0.10     4.17     4.32     4.38     4.45     4.58   965 1.00
mu[212]                4.38    0.00  0.10     4.17     4.32     4.38     4.45     4.58   965 1.00
mu[213]                4.43    0.00  0.10     4.19     4.37     4.44     4.50     4.62   487 1.01
mu[214]                4.43    0.00  0.10     4.19     4.37     4.44     4.50     4.62   487 1.01
mu[215]                4.43    0.00  0.10     4.19     4.37     4.44     4.50     4.62   487 1.01
mu[216]                4.43    0.00  0.10     4.19     4.37     4.44     4.50     4.62   487 1.01
mu[217]                4.82    0.00  0.12     4.57     4.76     4.83     4.90     5.03   658 1.00
mu[218]                4.40    0.00  0.10     4.18     4.34     4.41     4.47     4.59   607 1.01
mu[219]                4.40    0.00  0.10     4.18     4.34     4.41     4.47     4.59   607 1.01
mu[220]                4.40    0.00  0.10     4.18     4.34     4.41     4.47     4.59   607 1.01
phi[1]                12.72    0.30  4.53     6.63     9.42    11.86    15.30    23.60   227 1.01
phi[2]                12.72    0.30  4.53     6.63     9.42    11.86    15.30    23.60   227 1.01
phi[3]                12.72    0.30  4.53     6.63     9.42    11.86    15.30    23.60   227 1.01
phi[4]                11.73    0.13  3.83     6.48     9.16    11.18    13.37    21.03   899 1.01
phi[5]                11.73    0.13  3.83     6.48     9.16    11.18    13.37    21.03   899 1.01
phi[6]                 6.34    0.07  2.22     2.88     4.78     5.98     7.64    11.36   905 1.00
phi[7]                 6.94    0.09  2.39     3.29     5.29     6.47     8.23    12.73   753 1.01
phi[8]                 6.94    0.09  2.39     3.29     5.29     6.47     8.23    12.73   753 1.01
phi[9]                13.13    0.20  5.44     6.69     9.60    12.12    14.66    26.28   711 1.00
phi[10]                8.06    0.13  3.04     3.72     5.95     7.45     9.68    15.52   550 1.00
phi[11]                8.06    0.13  3.04     3.72     5.95     7.45     9.68    15.52   550 1.00
phi[12]               15.73    0.37  8.68     7.01    10.30    13.85    17.75    37.73   546 1.00
phi[13]               11.94    0.15  3.94     6.45     9.24    11.35    13.63    22.05   701 1.01
phi[14]               11.94    0.15  3.94     6.45     9.24    11.35    13.63    22.05   701 1.01
phi[15]               11.94    0.15  3.94     6.45     9.24    11.35    13.63    22.05   701 1.01
phi[16]                6.60    0.09  2.22     3.21     5.03     6.28     7.86    11.78   656 1.01
phi[17]               12.54    0.18  5.45     6.63     9.37    11.56    14.02    25.49   927 1.00
phi[18]                6.60    0.09  2.22     3.21     5.03     6.28     7.86    11.78   656 1.01
phi[19]                6.60    0.09  2.22     3.21     5.03     6.28     7.86    11.78   656 1.01
phi[20]                5.92    0.08  2.08     2.55     4.38     5.80     7.05    10.76   735 1.00
phi[21]                5.92    0.08  2.08     2.55     4.38     5.80     7.05    10.76   735 1.00
phi[22]               10.88    0.38  3.23     5.96     8.51    10.40    13.04    18.38    74 1.04
phi[23]               10.88    0.38  3.23     5.96     8.51    10.40    13.04    18.38    74 1.04
phi[24]                6.04    0.07  2.07     2.86     4.61     5.67     7.09    10.91   975 1.01
phi[25]               11.27    0.19  3.83     5.92     8.62    10.65    12.98    21.00   395 1.01
phi[26]                6.04    0.07  2.07     2.86     4.61     5.67     7.09    10.91   975 1.01
phi[27]                6.04    0.07  2.07     2.86     4.61     5.67     7.09    10.91   975 1.01
phi[28]                5.29    0.07  2.02     2.14     3.97     4.96     6.34    10.14   728 1.00
phi[29]                9.55    0.13  2.42     5.55     7.78     9.35    10.93    15.09   339 1.02
phi[30]                9.55    0.13  2.42     5.55     7.78     9.35    10.93    15.09   339 1.02
phi[31]                9.55    0.13  2.42     5.55     7.78     9.35    10.93    15.09   339 1.02
phi[32]               11.67    0.17  3.96     6.45     9.04    11.12    13.24    21.89   522 1.01
phi[33]                6.27    0.07  2.13     2.94     4.82     5.87     7.46    11.28   820 1.00
phi[34]               11.67    0.17  3.96     6.45     9.04    11.12    13.24    21.89   522 1.01
phi[35]                7.55    0.10  2.56     3.61     5.68     7.17     9.07    13.46   665 1.01
phi[36]                7.55    0.10  2.56     3.61     5.68     7.17     9.07    13.46   665 1.01
phi[37]               14.32    0.20  6.06     7.38    10.56    13.01    15.79    30.41   886 1.00
phi[38]               13.68    0.19  4.97     7.30    10.43    13.10    15.39    25.70   654 1.01
phi[39]               13.68    0.19  4.97     7.30    10.43    13.10    15.39    25.70   654 1.01
phi[40]               13.36    0.17  4.86     7.28    10.38    12.22    14.99    25.70   792 1.01
phi[41]               13.36    0.17  4.86     7.28    10.38    12.22    14.99    25.70   792 1.01
phi[42]               13.36    0.17  4.86     7.28    10.38    12.22    14.99    25.70   792 1.01
phi[43]               12.88    0.16  4.10     7.21    10.05    12.29    15.01    22.85   632 1.01
phi[44]               12.88    0.16  4.10     7.21    10.05    12.29    15.01    22.85   632 1.01
phi[45]                7.41    0.09  2.49     3.56     5.71     6.98     8.77    13.04   729 1.01
phi[46]                7.41    0.09  2.49     3.56     5.71     6.98     8.77    13.04   729 1.01
phi[47]                7.41    0.09  2.49     3.56     5.71     6.98     8.77    13.04   729 1.01
phi[48]                8.10    0.10  2.72     3.94     6.30     7.60     9.46    14.54   684 1.00
phi[49]               15.48    0.25  6.52     7.81    11.06    14.30    17.70    32.22   655 1.01
phi[50]                8.10    0.10  2.72     3.94     6.30     7.60     9.46    14.54   684 1.00
phi[51]                8.10    0.10  2.72     3.94     6.30     7.60     9.46    14.54   684 1.00
phi[52]               13.86    0.23  4.94     7.34    10.46    13.10    16.16    26.51   459 1.01
phi[53]               13.86    0.23  4.94     7.34    10.46    13.10    16.16    26.51   459 1.01
phi[54]               13.86    0.23  4.94     7.34    10.46    13.10    16.16    26.51   459 1.01
phi[55]                7.36    0.08  2.34     3.58     5.75     7.12     8.73    12.42   828 1.00
phi[56]                7.62    0.09  2.33     3.87     5.96     7.40     8.86    12.85   608 1.00
phi[57]               14.62    0.34  6.05     7.41    10.42    13.29    17.56    29.55   309 1.01
phi[58]                7.62    0.09  2.33     3.87     5.96     7.40     8.86    12.85   608 1.00
phi[59]                7.62    0.09  2.33     3.87     5.96     7.40     8.86    12.85   608 1.00
phi[60]                6.35    0.07  2.30     2.79     4.84     5.97     7.65    11.66   982 1.01
phi[61]               11.60    0.10  3.32     6.54     9.44    11.24    13.12    19.17  1106 1.00
phi[62]               11.60    0.10  3.32     6.54     9.44    11.24    13.12    19.17  1106 1.00
phi[63]               11.60    0.10  3.32     6.54     9.44    11.24    13.12    19.17  1106 1.00
phi[64]               12.33    0.12  3.64     7.00     9.84    11.98    13.91    21.70   875 1.01
phi[65]               12.33    0.12  3.64     7.00     9.84    11.98    13.91    21.70   875 1.01
phi[66]               12.33    0.12  3.64     7.00     9.84    11.98    13.91    21.70   875 1.01
phi[67]               12.33    0.12  3.64     7.00     9.84    11.98    13.91    21.70   875 1.01
phi[68]               14.52    0.34  7.36     6.82    10.05    12.41    16.79    33.31   472 1.01
phi[69]               14.52    0.34  7.36     6.82    10.05    12.41    16.79    33.31   472 1.01
phi[70]               14.52    0.34  7.36     6.82    10.05    12.41    16.79    33.31   472 1.01
phi[71]                7.55    0.15  2.88     3.56     5.40     7.04     8.95    14.31   354 1.01
phi[72]               14.58    0.27  6.56     6.83    10.25    13.34    16.74    31.71   591 1.01
phi[73]               14.58    0.27  6.56     6.83    10.25    13.34    16.74    31.71   591 1.01
phi[74]               14.58    0.27  6.56     6.83    10.25    13.34    16.74    31.71   591 1.01
phi[75]               14.58    0.27  6.56     6.83    10.25    13.34    16.74    31.71   591 1.01
phi[76]               12.46    0.23  4.47     6.53     9.39    11.60    14.44    23.73   362 1.01
phi[77]               12.46    0.23  4.47     6.53     9.39    11.60    14.44    23.73   362 1.01
phi[78]               11.04    0.12  3.42     6.14     8.77    10.63    12.52    19.59   843 1.01
phi[79]               11.04    0.12  3.42     6.14     8.77    10.63    12.52    19.59   843 1.01
phi[80]               11.03    0.12  3.40     6.04     8.71    10.53    12.65    18.86   753 1.01
phi[81]               11.03    0.12  3.40     6.04     8.71    10.53    12.65    18.86   753 1.01
phi[82]               11.70    0.22  3.90     6.20     8.99    11.03    13.74    21.75   307 1.02
phi[83]               11.70    0.22  3.90     6.20     8.99    11.03    13.74    21.75   307 1.02
phi[84]               11.70    0.22  3.90     6.20     8.99    11.03    13.74    21.75   307 1.02
phi[85]               11.70    0.22  3.90     6.20     8.99    11.03    13.74    21.75   307 1.02
phi[86]               11.10    0.16  3.53     5.99     8.74    10.53    12.85    19.47   487 1.00
phi[87]               11.10    0.16  3.53     5.99     8.74    10.53    12.85    19.47   487 1.00
phi[88]               11.10    0.16  3.53     5.99     8.74    10.53    12.85    19.47   487 1.00
phi[89]               11.10    0.16  3.53     5.99     8.74    10.53    12.85    19.47   487 1.00
phi[90]               10.48    0.09  3.07     6.07     8.49    10.18    11.74    17.86  1233 1.01
phi[91]               10.48    0.09  3.07     6.07     8.49    10.18    11.74    17.86  1233 1.01
phi[92]               10.48    0.09  3.07     6.07     8.49    10.18    11.74    17.86  1233 1.01
phi[93]               10.48    0.09  3.07     6.07     8.49    10.18    11.74    17.86  1233 1.01
phi[94]               11.59    0.18  3.55     6.45     9.09    11.10    13.35    20.27   369 1.01
phi[95]               11.59    0.18  3.55     6.45     9.09    11.10    13.35    20.27   369 1.01
phi[96]               11.59    0.18  3.55     6.45     9.09    11.10    13.35    20.27   369 1.01
phi[97]               11.59    0.18  3.55     6.45     9.09    11.10    13.35    20.27   369 1.01
phi[98]                5.94    0.07  2.07     2.61     4.51     5.62     7.14    10.52  1013 1.00
phi[99]               10.94    0.11  3.39     5.96     8.69    10.50    12.44    18.78  1009 1.01
phi[100]              10.94    0.11  3.39     5.96     8.69    10.50    12.44    18.78  1009 1.01
phi[101]              10.94    0.11  3.39     5.96     8.69    10.50    12.44    18.78  1009 1.01
phi[102]               2.32    0.05  0.53     1.46     1.93     2.27     2.67     3.47    99 1.03
phi[103]               5.93    0.13  1.74     3.06     4.67     5.76     7.09     9.81   182 1.01
phi[104]               2.32    0.05  0.53     1.46     1.93     2.27     2.67     3.47    99 1.03
phi[105]               2.32    0.05  0.53     1.46     1.93     2.27     2.67     3.47    99 1.03
phi[106]               2.15    0.02  0.45     1.34     1.84     2.14     2.42     3.12   864 1.01
phi[107]               5.53    0.06  1.63     2.81     4.40     5.42     6.36     9.36   807 1.00
phi[108]               2.15    0.02  0.45     1.34     1.84     2.14     2.42     3.12   864 1.01
phi[109]               5.53    0.06  1.63     2.81     4.40     5.42     6.36     9.36   807 1.00
phi[110]               6.05    0.06  1.72     3.23     4.80     5.93     6.94    10.00   854 1.00
phi[111]               2.38    0.02  0.58     1.49     1.96     2.33     2.67     3.71   898 1.00
phi[112]               6.05    0.06  1.72     3.23     4.80     5.93     6.94    10.00   854 1.00
phi[113]               2.38    0.02  0.58     1.49     1.96     2.33     2.67     3.71   898 1.00
phi[114]               7.06    0.09  2.39     3.58     5.37     6.78     8.25    12.47   701 1.00
phi[115]               7.06    0.09  2.39     3.58     5.37     6.78     8.25    12.47   701 1.00
phi[116]               7.06    0.09  2.39     3.58     5.37     6.78     8.25    12.47   701 1.00
phi[117]               2.78    0.04  0.89     1.60     2.15     2.63     3.19     4.86   449 1.00
phi[118]               2.19    0.02  0.47     1.38     1.87     2.16     2.45     3.25   576 1.01
phi[119]               2.19    0.02  0.47     1.38     1.87     2.16     2.45     3.25   576 1.01
phi[120]               5.62    0.06  1.68     2.91     4.44     5.51     6.54     9.52   722 1.01
phi[121]               2.19    0.02  0.47     1.38     1.87     2.16     2.45     3.25   576 1.01
phi[122]               5.76    0.05  1.61     3.12     4.67     5.62     6.62     9.53   943 1.00
phi[123]               2.26    0.01  0.53     1.44     1.92     2.18     2.51     3.54  1342 1.00
phi[124]               5.76    0.05  1.61     3.12     4.67     5.62     6.62     9.53   943 1.00
phi[125]               5.76    0.05  1.61     3.12     4.67     5.62     6.62     9.53   943 1.00
phi[126]               5.16    0.16  1.51     2.57     4.03     5.05     6.19     8.32    85 1.02
phi[127]               5.16    0.16  1.51     2.57     4.03     5.05     6.19     8.32    85 1.02
phi[128]               2.02    0.06  0.46     1.18     1.69     1.96     2.34     2.92    57 1.05
phi[129]               2.02    0.06  0.46     1.18     1.69     1.96     2.34     2.92    57 1.05
phi[130]               5.26    0.08  1.47     2.75     4.19     5.16     6.19     8.55   371 1.01
phi[131]               2.06    0.02  0.46     1.28     1.75     2.05     2.34     3.06   388 1.02
phi[132]               5.26    0.08  1.47     2.75     4.19     5.16     6.19     8.55   371 1.01
phi[133]               5.26    0.08  1.47     2.75     4.19     5.16     6.19     8.55   371 1.01
phi[134]               4.60    0.07  1.43     2.17     3.58     4.54     5.50     7.66   480 1.01
phi[135]               1.79    0.02  0.42     1.00     1.51     1.79     2.04     2.69   405 1.01
phi[136]               1.79    0.02  0.42     1.00     1.51     1.79     2.04     2.69   405 1.01
phi[137]               1.79    0.02  0.42     1.00     1.51     1.79     2.04     2.69   405 1.01
phi[138]               2.14    0.02  0.47     1.30     1.82     2.12     2.41     3.18   832 1.01
phi[139]               5.49    0.06  1.60     2.80     4.34     5.33     6.47     8.98   806 1.00
phi[140]               2.14    0.02  0.47     1.30     1.82     2.12     2.41     3.18   832 1.01
phi[141]               2.60    0.02  0.67     1.58     2.16     2.49     2.90     4.28   933 1.00
phi[142]               6.61    0.07  1.96     3.49     5.24     6.36     7.68    11.41   859 1.00
phi[143]               6.61    0.07  1.96     3.49     5.24     6.36     7.68    11.41   859 1.00
phi[144]               2.60    0.02  0.67     1.58     2.16     2.49     2.90     4.28   933 1.00
phi[145]               2.50    0.02  0.56     1.52     2.12     2.47     2.80     3.81   899 1.01
phi[146]               2.50    0.02  0.56     1.52     2.12     2.47     2.80     3.81   899 1.01
phi[147]               2.50    0.02  0.56     1.52     2.12     2.47     2.80     3.81   899 1.01
phi[148]               2.50    0.02  0.56     1.52     2.12     2.47     2.80     3.81   899 1.01
phi[149]               2.43    0.02  0.52     1.60     2.10     2.34     2.70     3.64   787 1.00
phi[150]               2.43    0.02  0.52     1.60     2.10     2.34     2.70     3.64   787 1.00
phi[151]               2.43    0.02  0.52     1.60     2.10     2.34     2.70     3.64   787 1.00
phi[152]               2.43    0.02  0.52     1.60     2.10     2.34     2.70     3.64   787 1.00
phi[153]               2.37    0.04  0.52     1.49     2.00     2.33     2.72     3.45   204 1.01
phi[154]               2.37    0.04  0.52     1.49     2.00     2.33     2.72     3.45   204 1.01
phi[155]               2.37    0.04  0.52     1.49     2.00     2.33     2.72     3.45   204 1.01
phi[156]               2.37    0.04  0.52     1.49     2.00     2.33     2.72     3.45   204 1.01
phi[157]               6.48    0.06  1.85     3.46     5.11     6.35     7.59    10.61   907 1.01
phi[158]               6.48    0.06  1.85     3.46     5.11     6.35     7.59    10.61   907 1.01
phi[159]               6.48    0.06  1.85     3.46     5.11     6.35     7.59    10.61   907 1.01
phi[160]               2.54    0.02  0.61     1.54     2.12     2.51     2.88     3.97  1011 1.01
phi[161]               7.15    0.07  2.29     3.69     5.53     6.85     8.29    12.75   962 1.00
phi[162]               2.80    0.03  0.73     1.71     2.28     2.70     3.17     4.50   690 1.01
phi[163]               7.15    0.07  2.29     3.69     5.53     6.85     8.29    12.75   962 1.00
phi[164]               7.15    0.07  2.29     3.69     5.53     6.85     8.29    12.75   962 1.00
phi[165]               2.53    0.04  0.57     1.54     2.12     2.49     2.92     3.71   216 1.02
phi[166]               2.53    0.04  0.57     1.54     2.12     2.49     2.92     3.71   216 1.02
phi[167]               2.53    0.04  0.57     1.54     2.12     2.49     2.92     3.71   216 1.02
phi[168]               6.46    0.09  1.82     3.39     5.17     6.28     7.62    10.45   440 1.01
phi[169]               6.73    0.14  1.96     3.42     5.29     6.57     8.00    10.90   191 1.01
phi[170]               2.64    0.06  0.64     1.60     2.16     2.56     3.09     3.96   112 1.03
phi[171]               6.73    0.14  1.96     3.42     5.29     6.57     8.00    10.90   191 1.01
phi[172]               6.73    0.14  1.96     3.42     5.29     6.57     8.00    10.90   191 1.01
phi[173]               5.52    0.06  1.60     2.78     4.38     5.44     6.48     8.83   684 1.00
phi[174]               2.15    0.01  0.47     1.31     1.83     2.14     2.45     3.18  1059 1.00
phi[175]               2.15    0.01  0.47     1.31     1.83     2.14     2.45     3.18  1059 1.00
phi[176]               2.15    0.01  0.47     1.31     1.83     2.14     2.45     3.18  1059 1.00
phi[177]               2.28    0.01  0.48     1.43     1.95     2.27     2.55     3.31  1346 1.01
phi[178]               2.28    0.01  0.48     1.43     1.95     2.27     2.55     3.31  1346 1.01
phi[179]               2.28    0.01  0.48     1.43     1.95     2.27     2.55     3.31  1346 1.01
phi[180]               2.28    0.01  0.48     1.43     1.95     2.27     2.55     3.31  1346 1.01
phi[181]               2.58    0.03  0.73     1.62     2.08     2.38     2.94     4.41   452 1.01
phi[182]               2.58    0.03  0.73     1.62     2.08     2.38     2.94     4.41   452 1.01
phi[183]               2.58    0.03  0.73     1.62     2.08     2.38     2.94     4.41   452 1.01
phi[184]               6.54    0.07  1.98     3.58     5.16     6.17     7.63    11.15   741 1.01
phi[185]               2.61    0.03  0.64     1.63     2.13     2.53     2.98     4.18   577 1.01
phi[186]               2.61    0.03  0.64     1.63     2.13     2.53     2.98     4.18   577 1.01
phi[187]               2.61    0.03  0.64     1.63     2.13     2.53     2.98     4.18   577 1.01
phi[188]               2.61    0.03  0.64     1.63     2.13     2.53     2.98     4.18   577 1.01
phi[189]               5.83    0.09  1.77     3.05     4.59     5.56     6.96     9.92   381 1.01
phi[190]               5.83    0.09  1.77     3.05     4.59     5.56     6.96     9.92   381 1.01
phi[191]               2.27    0.04  0.49     1.39     1.92     2.23     2.61     3.30   174 1.02
phi[192]               2.27    0.04  0.49     1.39     1.92     2.23     2.61     3.30   174 1.02
phi[193]               2.03    0.01  0.41     1.27     1.74     2.03     2.28     2.92   838 1.01
phi[194]               2.03    0.01  0.41     1.27     1.74     2.03     2.28     2.92   838 1.01
phi[195]               2.03    0.01  0.41     1.27     1.74     2.03     2.28     2.92   838 1.01
phi[196]               2.03    0.01  0.41     1.27     1.74     2.03     2.28     2.92   838 1.01
phi[197]               2.03    0.03  0.42     1.21     1.74     2.04     2.32     2.87   201 1.02
phi[198]               2.03    0.03  0.42     1.21     1.74     2.04     2.32     2.87   201 1.02
phi[199]               2.03    0.03  0.42     1.21     1.74     2.04     2.32     2.87   201 1.02
phi[200]               2.03    0.03  0.42     1.21     1.74     2.04     2.32     2.87   201 1.02
phi[201]               2.13    0.04  0.41     1.41     1.85     2.11     2.42     2.93   106 1.03
phi[202]               2.13    0.04  0.41     1.41     1.85     2.11     2.42     2.93   106 1.03
phi[203]               2.13    0.04  0.41     1.41     1.85     2.11     2.42     2.93   106 1.03
phi[204]               2.13    0.04  0.41     1.41     1.85     2.11     2.42     2.93   106 1.03
phi[205]               2.03    0.03  0.39     1.32     1.76     2.02     2.28     2.86   163 1.01
phi[206]               2.03    0.03  0.39     1.32     1.76     2.02     2.28     2.86   163 1.01
phi[207]               2.03    0.03  0.39     1.32     1.76     2.02     2.28     2.86   163 1.01
phi[208]               2.03    0.03  0.39     1.32     1.76     2.02     2.28     2.86   163 1.01
phi[209]               1.93    0.01  0.37     1.23     1.69     1.92     2.16     2.73   850 1.00
phi[210]               1.93    0.01  0.37     1.23     1.69     1.92     2.16     2.73   850 1.00
phi[211]               1.93    0.01  0.37     1.23     1.69     1.92     2.16     2.73   850 1.00
phi[212]               1.93    0.01  0.37     1.23     1.69     1.92     2.16     2.73   850 1.00
phi[213]               2.13    0.03  0.44     1.33     1.83     2.12     2.44     3.06   181 1.02
phi[214]               2.13    0.03  0.44     1.33     1.83     2.12     2.44     3.06   181 1.02
phi[215]               2.13    0.03  0.44     1.33     1.83     2.12     2.44     3.06   181 1.02
phi[216]               2.13    0.03  0.44     1.33     1.83     2.12     2.44     3.06   181 1.02
phi[217]               5.19    0.06  1.55     2.64     4.06     5.07     6.05     8.69   734 1.00
phi[218]               2.01    0.02  0.40     1.28     1.73     2.00     2.27     2.86   566 1.01
phi[219]               2.01    0.02  0.40     1.28     1.73     2.00     2.27     2.86   566 1.01
phi[220]               2.01    0.02  0.40     1.28     1.73     2.00     2.27     2.86   566 1.01
lp__               56498.49    1.75 19.49 56472.61 56485.19 56493.49 56509.09 56551.99   125 1.03

Samples were drawn using NUTS(diag_e) at Thu Feb 18 15:13:40 2016.
For each parameter, n_eff is a crude measure of effective sample size,
and Rhat is the potential scale reduction factor on split chains (at 
convergence, Rhat=1).
