Inference for Stan model: 643f7ce1168b679b2f09039d904fab2e.
4 chains, each with iter=10000; warmup=5000; thin=10; 
post-warmup draws per chain=500, total post-warmup draws=2000.

                      mean se_mean    sd     2.5%      25%      50%      75%    97.5% n_eff Rhat
alpha                -1.78    0.04  1.41    -4.15    -2.15    -1.83    -1.44     0.92  1485 1.00
beta_day              0.00    0.00  0.00    -0.01     0.00     0.00     0.00     0.01  1566 1.00
beta_dairy            0.25    0.00  0.08     0.09     0.20     0.25     0.30     0.41  1606 1.00
beta_winter           0.85    0.01  0.22     0.41     0.70     0.84     0.99     1.27  1926 1.00
beta_day_winter       0.00    0.00  0.01    -0.01     0.00     0.00     0.01     0.01  1794 1.00
beta_dairy_winter     0.11    0.01  0.28    -0.45    -0.08     0.11     0.31     0.66  2000 1.00
phi_alpha             0.91    0.01  0.23     0.47     0.75     0.90     1.07     1.36  1428 1.00
phi_dairy             0.03    0.01  0.40    -0.79    -0.23     0.04     0.29     0.78  1491 1.00
phi_winter           -1.57    0.01  0.27    -2.13    -1.75    -1.56    -1.39    -1.04  2000 1.00
phi_dairy_winter      0.80    0.01  0.49    -0.11     0.45     0.81     1.13     1.76  1747 1.00
sigma_region          1.56    0.06  2.26     0.27     0.53     0.89     1.70     7.01  1690 1.00
sigma_square          0.13    0.00  0.08     0.02     0.06     0.11     0.17     0.30   407 1.01
b_region[1]          -1.52    0.00  0.16    -1.84    -1.63    -1.52    -1.41    -1.21  2000 1.00
b_region[2]          -1.65    0.00  0.16    -1.96    -1.76    -1.65    -1.55    -1.34  2000 1.00
b_region[3]          -2.39    0.00  0.15    -2.66    -2.48    -2.39    -2.29    -2.08  1847 1.00
b_square[1,1]        -0.07    0.00  0.15    -0.45    -0.13    -0.03     0.02     0.17  1325 1.00
b_square[1,2]        -0.02    0.00  0.13    -0.30    -0.08    -0.01     0.05     0.24  2000 1.00
b_square[1,3]        -0.01    0.00  0.13    -0.31    -0.07    -0.01     0.05     0.25  1988 1.00
b_square[1,4]         0.06    0.00  0.14    -0.17    -0.02     0.04     0.13     0.41  1461 1.00
b_square[1,5]         0.02    0.00  0.13    -0.24    -0.05     0.01     0.08     0.31  2000 1.00
b_square[1,6]         0.04    0.00  0.13    -0.18    -0.03     0.02     0.10     0.36  1323 1.00
b_square[1,7]         0.00    0.00  0.12    -0.26    -0.06     0.00     0.06     0.26  2000 1.00
b_square[1,8]         0.01    0.00  0.13    -0.24    -0.05     0.01     0.07     0.30  1919 1.00
b_square[1,9]        -0.05    0.00  0.13    -0.37    -0.11    -0.02     0.03     0.19  1765 1.00
b_square[1,10]        0.03    0.00  0.13    -0.20    -0.04     0.02     0.09     0.34  1737 1.00
b_square[2,1]        -0.03    0.00  0.13    -0.32    -0.10    -0.02     0.03     0.21  1717 1.00
b_square[2,2]         0.01    0.00  0.13    -0.26    -0.05     0.01     0.07     0.31  1881 1.00
b_square[2,3]        -0.01    0.00  0.13    -0.31    -0.06     0.00     0.06     0.28  2000 1.00
b_square[2,4]         0.01    0.00  0.13    -0.25    -0.05     0.00     0.06     0.30  1767 1.00
b_square[2,5]        -0.04    0.00  0.14    -0.36    -0.10    -0.02     0.03     0.20  1684 1.00
b_square[2,6]         0.07    0.00  0.14    -0.15    -0.01     0.04     0.13     0.42  1149 1.00
b_square[2,7]        -0.02    0.00  0.13    -0.29    -0.08    -0.01     0.04     0.25  1786 1.00
b_square[2,8]         0.05    0.00  0.13    -0.17    -0.02     0.03     0.11     0.38  1645 1.00
b_square[2,9]         0.01    0.00  0.12    -0.26    -0.05     0.01     0.07     0.29  2000 1.00
b_square[2,10]       -0.05    0.00  0.14    -0.38    -0.11    -0.02     0.02     0.21  1700 1.00
b_square[3,1]         0.00    0.00  0.13    -0.28    -0.05     0.00     0.06     0.28  2000 1.00
b_square[3,2]         0.01    0.00  0.12    -0.25    -0.05     0.01     0.07     0.29  1999 1.00
b_square[3,3]         0.01    0.00  0.13    -0.27    -0.05     0.00     0.07     0.32  2000 1.00
b_square[3,4]        -0.02    0.00  0.13    -0.32    -0.08    -0.01     0.05     0.25  1935 1.00
b_square[3,5]         0.01    0.00  0.13    -0.27    -0.06     0.00     0.06     0.30  2000 1.00
b_square[3,6]        -0.02    0.00  0.13    -0.31    -0.08    -0.01     0.05     0.23  1883 1.00
b_square[3,7]        -0.09    0.00  0.16    -0.49    -0.16    -0.05     0.01     0.14  1244 1.00
b_square[3,8]        -0.04    0.00  0.14    -0.39    -0.11    -0.02     0.03     0.19  1789 1.00
b_square[3,9]         0.02    0.00  0.13    -0.23    -0.04     0.01     0.08     0.31  2000 1.00
b_square[3,10]        0.10    0.00  0.15    -0.12     0.00     0.06     0.16     0.48  1065 1.00
mu[1]                 2.59    0.01  0.21     2.13     2.46     2.59     2.73     2.97  1644 1.00
mu[2]                 2.59    0.01  0.21     2.13     2.46     2.59     2.73     2.97  1644 1.00
mu[3]                 2.43    0.01  0.21     1.97     2.31     2.44     2.57     2.82  1644 1.00
mu[4]                 1.83    0.00  0.18     1.48     1.71     1.83     1.94     2.18  2000 1.00
mu[5]                 2.93    0.00  0.18     2.58     2.81     2.93     3.04     3.28  2000 1.00
mu[6]                 3.31    0.00  0.19     2.92     3.20     3.31     3.43     3.67  1906 1.00
mu[7]                 3.28    0.00  0.20     2.88     3.14     3.27     3.42     3.70  2000 1.00
mu[8]                 3.28    0.00  0.20     2.88     3.14     3.27     3.42     3.70  2000 1.00
mu[9]                 2.64    0.00  0.19     2.26     2.51     2.64     2.76     3.05  1839 1.00
mu[10]                3.22    0.00  0.21     2.85     3.09     3.21     3.35     3.66  1757 1.00
mu[11]                3.15    0.00  0.21     2.78     3.01     3.14     3.28     3.59  1757 1.00
mu[12]                2.65    0.01  0.20     2.28     2.52     2.64     2.77     3.09  1247 1.00
mu[13]                2.52    0.00  0.20     2.15     2.39     2.52     2.64     2.94  1744 1.00
mu[14]                2.60    0.00  0.20     2.23     2.47     2.60     2.72     3.02  1744 1.00
mu[15]                2.75    0.00  0.20     2.37     2.61     2.74     2.86     3.16  1744 1.00
mu[16]                3.10    0.00  0.18     2.77     2.98     3.09     3.21     3.49  1769 1.00
mu[17]                2.60    0.01  0.18     2.26     2.48     2.59     2.71     2.99  1287 1.00
mu[18]                3.10    0.00  0.18     2.77     2.98     3.09     3.21     3.49  1769 1.00
mu[19]                2.92    0.00  0.18     2.59     2.80     2.91     3.03     3.31  1769 1.00
mu[20]                2.88    0.00  0.18     2.52     2.76     2.88     2.99     3.24  1829 1.00
mu[21]                2.66    0.00  0.18     2.30     2.54     2.65     2.77     3.02  1829 1.00
mu[22]                2.15    0.00  0.18     1.82     2.04     2.15     2.27     2.52  2000 1.00
mu[23]                2.15    0.00  0.18     1.82     2.04     2.15     2.27     2.52  2000 1.00
mu[24]                3.09    0.00  0.19     2.73     2.96     3.09     3.21     3.44  1774 1.00
mu[25]                2.40    0.00  0.19     2.04     2.27     2.40     2.53     2.79  2000 1.00
mu[26]                3.09    0.00  0.19     2.73     2.96     3.09     3.21     3.44  1774 1.00
mu[27]                3.09    0.00  0.19     2.73     2.96     3.09     3.21     3.44  1774 1.00
mu[28]                3.03    0.01  0.20     2.60     2.90     3.04     3.17     3.42  1605 1.00
mu[29]                2.53    0.00  0.19     2.14     2.41     2.53     2.66     2.90  1697 1.00
mu[30]                2.53    0.00  0.19     2.14     2.41     2.53     2.66     2.90  1697 1.00
mu[31]                2.35    0.00  0.19     1.96     2.22     2.35     2.48     2.72  1697 1.00
mu[32]                2.42    0.01  0.19     2.05     2.30     2.42     2.55     2.82  1387 1.00
mu[33]                3.11    0.00  0.20     2.72     2.98     3.10     3.23     3.51  1641 1.00
mu[34]                2.61    0.01  0.19     2.23     2.48     2.60     2.73     3.01  1387 1.00
mu[35]                3.28    0.01  0.20     2.86     3.16     3.29     3.41     3.67  1463 1.00
mu[36]                2.88    0.01  0.20     2.46     2.75     2.88     3.01     3.27  1463 1.00
mu[37]                2.53    0.00  0.18     2.17     2.42     2.54     2.64     2.88  1590 1.00
mu[38]                1.97    0.00  0.21     1.58     1.84     1.97     2.10     2.41  1834 1.00
mu[39]                2.09    0.00  0.21     1.69     1.95     2.09     2.22     2.53  1834 1.00
mu[40]                2.56    0.00  0.18     2.20     2.45     2.56     2.67     2.90  1771 1.00
mu[41]                2.40    0.00  0.18     2.05     2.29     2.41     2.52     2.74  1771 1.00
mu[42]                2.40    0.00  0.18     2.05     2.29     2.41     2.52     2.74  1771 1.00
mu[43]                2.54    0.01  0.20     2.16     2.41     2.53     2.66     2.97  1556 1.00
mu[44]                2.54    0.01  0.20     2.16     2.41     2.53     2.66     2.97  1556 1.00
mu[45]                3.11    0.01  0.22     2.68     2.97     3.12     3.26     3.54  1792 1.00
mu[46]                2.83    0.01  0.22     2.39     2.69     2.83     2.98     3.26  1792 1.00
mu[47]                2.98    0.01  0.22     2.54     2.84     2.98     3.13     3.41  1792 1.00
mu[48]                2.81    0.00  0.20     2.46     2.68     2.81     2.93     3.23  1617 1.00
mu[49]                2.31    0.00  0.18     1.98     2.19     2.30     2.42     2.71  1572 1.00
mu[50]                2.99    0.00  0.20     2.64     2.86     2.99     3.12     3.42  1617 1.00
mu[51]                2.81    0.00  0.20     2.46     2.68     2.81     2.93     3.23  1617 1.00
mu[52]                2.41    0.00  0.17     2.07     2.31     2.41     2.53     2.75  1725 1.00
mu[53]                2.57    0.00  0.17     2.23     2.46     2.56     2.68     2.90  1727 1.00
mu[54]                2.41    0.00  0.17     2.07     2.31     2.41     2.53     2.75  1725 1.00
mu[55]                2.51    0.01  0.20     2.11     2.37     2.51     2.64     2.89  1537 1.00
mu[56]                2.57    0.00  0.19     2.22     2.44     2.57     2.70     2.97  2000 1.00
mu[57]                2.48    0.00  0.18     2.15     2.37     2.47     2.59     2.84  1732 1.00
mu[58]                2.80    0.00  0.19     2.44     2.67     2.79     2.92     3.19  2000 1.00
mu[59]                2.80    0.00  0.19     2.44     2.67     2.79     2.92     3.19  2000 1.00
mu[60]                2.94    0.00  0.19     2.56     2.81     2.94     3.07     3.32  2000 1.00
mu[61]                2.03    0.00  0.17     1.70     1.92     2.03     2.14     2.37  2000 1.00
mu[62]                2.03    0.00  0.17     1.70     1.92     2.03     2.14     2.37  2000 1.00
mu[63]                2.25    0.00  0.17     1.92     2.14     2.25     2.36     2.60  2000 1.00
mu[64]                2.39    0.00  0.19     1.99     2.27     2.39     2.51     2.76  1698 1.00
mu[65]                2.39    0.00  0.19     1.99     2.27     2.39     2.51     2.76  1698 1.00
mu[66]                2.39    0.00  0.19     1.99     2.27     2.39     2.51     2.76  1698 1.00
mu[67]                2.39    0.00  0.19     1.99     2.27     2.39     2.51     2.76  1698 1.00
mu[68]                1.78    0.01  0.21     1.40     1.64     1.78     1.92     2.20  1668 1.00
mu[69]                1.78    0.01  0.21     1.40     1.64     1.78     1.92     2.20  1668 1.00
mu[70]                1.92    0.01  0.21     1.53     1.78     1.91     2.05     2.34  1668 1.00
mu[71]                2.42    0.01  0.25     1.97     2.24     2.41     2.58     2.93  1703 1.00
mu[72]                1.87    0.00  0.18     1.53     1.76     1.87     1.98     2.23  1823 1.00
mu[73]                1.72    0.00  0.18     1.38     1.61     1.72     1.83     2.08  1823 1.00
mu[74]                2.01    0.00  0.18     1.66     1.89     2.01     2.12     2.37  1823 1.00
mu[75]                1.87    0.00  0.18     1.53     1.76     1.87     1.98     2.23  1823 1.00
mu[76]                2.04    0.01  0.23     1.60     1.88     2.03     2.18     2.50  1564 1.00
mu[77]                1.54    0.01  0.23     1.11     1.39     1.54     1.69     2.01  1564 1.00
mu[78]                1.84    0.00  0.19     1.45     1.72     1.85     1.96     2.22  1860 1.00
mu[79]                1.69    0.00  0.19     1.29     1.57     1.69     1.81     2.07  1860 1.00
mu[80]                1.63    0.01  0.22     1.21     1.48     1.63     1.78     2.08  1645 1.00
mu[81]                1.63    0.01  0.22     1.21     1.48     1.63     1.78     2.08  1645 1.00
mu[82]                1.68    0.00  0.18     1.33     1.56     1.68     1.80     2.02  1882 1.00
mu[83]                1.68    0.00  0.18     1.33     1.56     1.68     1.80     2.02  1882 1.00
mu[84]                1.76    0.00  0.18     1.41     1.64     1.76     1.88     2.10  1882 1.00
mu[85]                1.83    0.00  0.18     1.49     1.72     1.84     1.96     2.18  1882 1.00
mu[86]                1.61    0.01  0.21     1.14     1.49     1.63     1.75     1.97  1403 1.00
mu[87]                1.61    0.01  0.21     1.14     1.49     1.63     1.75     1.97  1403 1.00
mu[88]                1.61    0.01  0.21     1.14     1.49     1.63     1.75     1.97  1403 1.00
mu[89]                1.61    0.01  0.21     1.14     1.49     1.63     1.75     1.97  1403 1.00
mu[90]                1.66    0.00  0.19     1.24     1.55     1.67     1.79     2.01  1644 1.00
mu[91]                1.66    0.00  0.19     1.24     1.55     1.67     1.79     2.01  1644 1.00
mu[92]                1.66    0.00  0.19     1.24     1.55     1.67     1.79     2.01  1644 1.00
mu[93]                1.66    0.00  0.19     1.24     1.55     1.67     1.79     2.01  1644 1.00
mu[94]                1.72    0.00  0.17     1.38     1.61     1.72     1.83     2.08  1829 1.00
mu[95]                1.72    0.00  0.17     1.38     1.61     1.72     1.83     2.08  1829 1.00
mu[96]                1.88    0.00  0.17     1.54     1.77     1.87     1.98     2.24  1829 1.00
mu[97]                1.54    0.00  0.17     1.20     1.43     1.53     1.65     1.90  1829 1.00
mu[98]                2.30    0.01  0.22     1.89     2.14     2.29     2.44     2.75  1321 1.00
mu[99]                1.61    0.01  0.18     1.30     1.49     1.60     1.73     2.01   956 1.00
mu[100]               1.80    0.01  0.18     1.48     1.67     1.78     1.91     2.19   956 1.00
mu[101]               1.10    0.01  0.18     0.79     0.98     1.09     1.22     1.50   956 1.00
mu[102]               3.59    0.01  0.28     3.07     3.41     3.58     3.77     4.13  2000 1.00
mu[103]               4.27    0.01  0.26     3.76     4.10     4.27     4.44     4.77  1814 1.00
mu[104]               3.59    0.01  0.28     3.07     3.41     3.58     3.77     4.13  2000 1.00
mu[105]               3.43    0.01  0.28     2.91     3.25     3.43     3.62     3.98  2000 1.00
mu[106]               2.75    0.01  0.23     2.30     2.60     2.74     2.90     3.21  2000 1.00
mu[107]               4.28    0.01  0.22     3.85     4.14     4.28     4.41     4.70  1721 1.00
mu[108]               3.85    0.01  0.23     3.40     3.70     3.84     4.00     4.31  2000 1.00
mu[109]               4.34    0.01  0.22     3.92     4.20     4.35     4.48     4.77  1721 1.00
mu[110]               4.38    0.01  0.26     3.90     4.21     4.38     4.55     4.90  1965 1.00
mu[111]               3.20    0.01  0.27     2.69     3.02     3.19     3.37     3.74  2000 1.00
mu[112]               4.38    0.01  0.26     3.90     4.21     4.38     4.55     4.90  1965 1.00
mu[113]               3.64    0.01  0.27     3.13     3.46     3.63     3.81     4.18  2000 1.00
mu[114]               4.33    0.01  0.25     3.85     4.16     4.32     4.48     4.85  1750 1.00
mu[115]               4.46    0.01  0.25     3.99     4.29     4.46     4.62     4.98  1750 1.00
mu[116]               4.25    0.01  0.25     3.78     4.08     4.25     4.41     4.77  1750 1.00
mu[117]               3.64    0.01  0.28     3.16     3.45     3.62     3.83     4.23  1775 1.00
mu[118]               3.51    0.01  0.27     3.02     3.33     3.50     3.69     4.05  2000 1.00
mu[119]               3.59    0.01  0.27     3.10     3.41     3.58     3.77     4.13  2000 1.00
mu[120]               3.03    0.01  0.24     2.59     2.86     3.02     3.18     3.53  1905 1.00
mu[121]               3.74    0.01  0.27     3.24     3.56     3.72     3.91     4.27  2000 1.00
mu[122]               4.10    0.01  0.22     3.68     3.95     4.09     4.24     4.55  1806 1.00
mu[123]               3.49    0.01  0.23     3.05     3.34     3.48     3.63     3.97  1709 1.00
mu[124]               4.10    0.01  0.22     3.68     3.95     4.09     4.24     4.55  1806 1.00
mu[125]               3.92    0.01  0.22     3.49     3.77     3.91     4.06     4.36  1806 1.00
mu[126]               3.87    0.01  0.22     3.44     3.73     3.87     4.02     4.32  1914 1.00
mu[127]               3.65    0.01  0.22     3.22     3.51     3.65     3.80     4.10  1914 1.00
mu[128]               3.04    0.01  0.23     2.60     2.90     3.04     3.19     3.50  2000 1.00
mu[129]               3.04    0.01  0.23     2.60     2.90     3.04     3.19     3.50  2000 1.00
mu[130]               4.05    0.01  0.25     3.59     3.88     4.04     4.21     4.57  2000 1.00
mu[131]               3.26    0.01  0.25     2.77     3.09     3.25     3.41     3.77  2000 1.00
mu[132]               4.05    0.01  0.25     3.59     3.88     4.04     4.21     4.57  2000 1.00
mu[133]               4.05    0.01  0.25     3.59     3.88     4.04     4.21     4.57  2000 1.00
mu[134]               3.99    0.01  0.27     3.43     3.83     3.99     4.16     4.50  1898 1.00
mu[135]               3.38    0.01  0.25     2.88     3.22     3.38     3.54     3.89  1846 1.00
mu[136]               3.38    0.01  0.25     2.88     3.22     3.38     3.54     3.89  1846 1.00
mu[137]               3.20    0.01  0.25     2.70     3.04     3.20     3.36     3.71  1846 1.00
mu[138]               3.28    0.01  0.24     2.81     3.12     3.27     3.43     3.76  2000 1.00
mu[139]               4.07    0.01  0.25     3.61     3.91     4.07     4.23     4.58  1911 1.00
mu[140]               3.46    0.01  0.24     3.00     3.30     3.45     3.61     3.95  2000 1.00
mu[141]               3.58    0.00  0.21     3.17     3.44     3.57     3.71     3.99  1836 1.00
mu[142]               4.30    0.01  0.23     3.83     4.15     4.31     4.46     4.72  1578 1.00
mu[143]               3.90    0.01  0.23     3.42     3.75     3.90     4.05     4.31  1578 1.00
mu[144]               3.44    0.00  0.21     3.04     3.31     3.44     3.58     3.86  1836 1.00
mu[145]               3.53    0.01  0.27     3.04     3.36     3.52     3.71     4.10  1930 1.00
mu[146]               2.97    0.01  0.27     2.48     2.80     2.96     3.15     3.54  1930 1.00
mu[147]               3.09    0.01  0.27     2.60     2.91     3.08     3.27     3.65  1930 1.00
mu[148]               3.09    0.01  0.27     2.60     2.91     3.08     3.27     3.65  1930 1.00
mu[149]               1.53    0.00  0.21     1.12     1.39     1.52     1.67     1.94  1828 1.00
mu[150]               3.47    0.00  0.21     3.07     3.33     3.47     3.61     3.88  1828 1.00
mu[151]               3.32    0.00  0.21     2.91     3.18     3.32     3.46     3.73  1828 1.00
mu[152]               3.32    0.00  0.21     2.91     3.18     3.32     3.46     3.73  1828 1.00
mu[153]               3.52    0.01  0.24     3.09     3.36     3.51     3.68     4.01  2000 1.00
mu[154]               3.37    0.01  0.24     2.94     3.21     3.35     3.53     3.85  2000 1.00
mu[155]               3.52    0.01  0.24     3.09     3.36     3.51     3.68     4.01  2000 1.00
mu[156]               3.52    0.01  0.24     3.09     3.36     3.51     3.68     4.01  2000 1.00
mu[157]               4.23    0.01  0.26     3.73     4.06     4.23     4.39     4.74  1910 1.00
mu[158]               3.94    0.01  0.26     3.44     3.78     3.94     4.10     4.45  1910 1.00
mu[159]               4.10    0.01  0.26     3.59     3.93     4.10     4.26     4.61  1910 1.00
mu[160]               3.49    0.01  0.27     2.96     3.32     3.47     3.66     4.01  2000 1.00
mu[161]               3.81    0.01  0.22     3.39     3.67     3.80     3.95     4.25  1735 1.00
mu[162]               3.20    0.01  0.22     2.81     3.05     3.18     3.34     3.67  1757 1.00
mu[163]               3.99    0.01  0.22     3.57     3.85     3.99     4.13     4.43  1735 1.00
mu[164]               3.81    0.01  0.22     3.39     3.67     3.80     3.95     4.25  1735 1.00
mu[165]               3.29    0.00  0.21     2.89     3.15     3.28     3.43     3.71  2000 1.00
mu[166]               3.44    0.00  0.21     3.05     3.30     3.44     3.58     3.87  2000 1.00
mu[167]               3.29    0.00  0.21     2.89     3.15     3.28     3.43     3.71  2000 1.00
mu[168]               3.49    0.01  0.24     3.01     3.34     3.49     3.65     3.96  1641 1.00
mu[169]               3.56    0.00  0.22     3.14     3.42     3.56     3.71     4.02  1948 1.00
mu[170]               3.36    0.00  0.22     2.97     3.21     3.35     3.50     3.81  1918 1.00
mu[171]               3.79    0.00  0.22     3.36     3.64     3.78     3.93     4.25  1948 1.00
mu[172]               3.79    0.00  0.22     3.36     3.64     3.78     3.93     4.25  1948 1.00
mu[173]               3.93    0.01  0.23     3.47     3.78     3.93     4.08     4.39  2000 1.00
mu[174]               2.91    0.00  0.21     2.52     2.78     2.90     3.05     3.33  2000 1.00
mu[175]               2.91    0.00  0.21     2.52     2.78     2.90     3.05     3.33  2000 1.00
mu[176]               3.14    0.00  0.21     2.75     3.00     3.12     3.28     3.56  2000 1.00
mu[177]               3.25    0.01  0.24     2.76     3.10     3.26     3.40     3.70  1724 1.00
mu[178]               3.25    0.01  0.24     2.76     3.10     3.26     3.40     3.70  1724 1.00
mu[179]               3.25    0.01  0.24     2.76     3.10     3.26     3.40     3.70  1724 1.00
mu[180]               3.25    0.01  0.24     2.76     3.10     3.26     3.40     3.70  1724 1.00
mu[181]               2.80    0.01  0.28     2.28     2.60     2.80     2.99     3.37  2000 1.00
mu[182]               2.80    0.01  0.28     2.28     2.60     2.80     2.99     3.37  2000 1.00
mu[183]               2.94    0.01  0.28     2.41     2.73     2.93     3.12     3.50  2000 1.00
mu[184]               3.55    0.01  0.29     3.02     3.35     3.53     3.74     4.13  1938 1.00
mu[185]               2.72    0.01  0.24     2.26     2.57     2.71     2.87     3.21  2000 1.00
mu[186]               2.57    0.01  0.24     2.11     2.42     2.56     2.72     3.05  2000 1.00
mu[187]               2.86    0.01  0.24     2.40     2.71     2.85     3.01     3.34  2000 1.00
mu[188]               2.72    0.01  0.24     2.26     2.57     2.71     2.87     3.21  2000 1.00
mu[189]               3.55    0.01  0.28     3.03     3.35     3.54     3.74     4.10  1962 1.00
mu[190]               3.26    0.01  0.28     2.74     3.06     3.25     3.45     3.81  1962 1.00
mu[191]               3.06    0.01  0.28     2.54     2.86     3.05     3.25     3.62  2000 1.00
mu[192]               2.56    0.01  0.28     2.04     2.36     2.56     2.75     3.13  2000 1.00
mu[193]               2.54    0.01  0.25     2.06     2.37     2.54     2.71     3.04  1858 1.00
mu[194]               2.54    0.01  0.25     2.06     2.37     2.54     2.71     3.04  1858 1.00
mu[195]               2.69    0.01  0.25     2.21     2.53     2.70     2.86     3.19  1858 1.00
mu[196]               2.54    0.01  0.25     2.06     2.37     2.54     2.71     3.04  1858 1.00
mu[197]               2.65    0.01  0.28     2.12     2.45     2.64     2.83     3.20  2000 1.00
mu[198]               2.94    0.01  0.28     2.40     2.74     2.93     3.12     3.48  2000 1.00
mu[199]               2.47    0.01  0.28     1.93     2.27     2.46     2.65     3.01  2000 1.00
mu[200]               2.65    0.01  0.28     2.12     2.45     2.64     2.83     3.20  2000 1.00
mu[201]               2.55    0.01  0.24     2.07     2.40     2.54     2.71     2.99  2000 1.00
mu[202]               2.55    0.01  0.24     2.07     2.40     2.54     2.71     2.99  2000 1.00
mu[203]               2.63    0.01  0.24     2.15     2.48     2.62     2.79     3.07  2000 1.00
mu[204]               2.70    0.01  0.24     2.22     2.55     2.70     2.86     3.15  2000 1.00
mu[205]               2.47    0.01  0.26     1.94     2.31     2.48     2.64     2.97  1810 1.00
mu[206]               2.47    0.01  0.26     1.94     2.31     2.48     2.64     2.97  1810 1.00
mu[207]               2.47    0.01  0.26     1.94     2.31     2.48     2.64     2.97  1810 1.00
mu[208]               2.47    0.01  0.26     1.94     2.31     2.48     2.64     2.97  1810 1.00
mu[209]               2.52    0.01  0.24     2.02     2.36     2.52     2.68     2.99  2000 1.00
mu[210]               2.52    0.01  0.24     2.02     2.36     2.52     2.68     2.99  2000 1.00
mu[211]               2.52    0.01  0.24     2.02     2.36     2.52     2.68     2.99  2000 1.00
mu[212]               2.52    0.01  0.24     2.02     2.36     2.52     2.68     2.99  2000 1.00
mu[213]               2.59    0.01  0.23     2.13     2.44     2.59     2.74     3.05  1822 1.00
mu[214]               2.59    0.01  0.23     2.13     2.44     2.59     2.74     3.05  1822 1.00
mu[215]               2.74    0.01  0.23     2.28     2.59     2.74     2.89     3.20  1822 1.00
mu[216]               2.41    0.01  0.23     1.94     2.26     2.41     2.56     2.87  1822 1.00
mu[217]               3.28    0.01  0.26     2.79     3.11     3.27     3.44     3.81  1473 1.00
mu[218]               2.49    0.01  0.24     2.04     2.33     2.48     2.63     2.97  1365 1.00
mu[219]               2.67    0.01  0.24     2.22     2.51     2.66     2.82     3.15  1365 1.00
mu[220]               1.97    0.01  0.24     1.53     1.82     1.96     2.12     2.46  1365 1.00
mu_phi[1]             2.54    0.02  0.59     1.60     2.13     2.46     2.90     3.88  1421 1.00
mu_phi[2]             2.54    0.02  0.59     1.60     2.13     2.46     2.90     3.88  1421 1.00
mu_phi[3]             2.54    0.02  0.59     1.60     2.13     2.46     2.90     3.88  1421 1.00
mu_phi[4]             2.54    0.02  0.59     1.60     2.13     2.46     2.90     3.88  1421 1.00
mu_phi[5]             2.54    0.02  0.59     1.60     2.13     2.46     2.90     3.88  1421 1.00
mu_phi[6]             2.67    0.02  0.85     1.36     2.05     2.55     3.18     4.73  1889 1.00
mu_phi[7]             2.67    0.02  0.85     1.36     2.05     2.55     3.18     4.73  1889 1.00
mu_phi[8]             2.67    0.02  0.85     1.36     2.05     2.55     3.18     4.73  1889 1.00
mu_phi[9]             2.54    0.02  0.59     1.60     2.13     2.46     2.90     3.88  1421 1.00
mu_phi[10]            2.67    0.02  0.85     1.36     2.05     2.55     3.18     4.73  1889 1.00
mu_phi[11]            2.67    0.02  0.85     1.36     2.05     2.55     3.18     4.73  1889 1.00
mu_phi[12]            2.54    0.02  0.59     1.60     2.13     2.46     2.90     3.88  1421 1.00
mu_phi[13]            2.54    0.02  0.59     1.60     2.13     2.46     2.90     3.88  1421 1.00
mu_phi[14]            2.54    0.02  0.59     1.60     2.13     2.46     2.90     3.88  1421 1.00
mu_phi[15]            2.54    0.02  0.59     1.60     2.13     2.46     2.90     3.88  1421 1.00
mu_phi[16]            2.67    0.02  0.85     1.36     2.05     2.55     3.18     4.73  1889 1.00
mu_phi[17]            2.54    0.02  0.59     1.60     2.13     2.46     2.90     3.88  1421 1.00
mu_phi[18]            2.67    0.02  0.85     1.36     2.05     2.55     3.18     4.73  1889 1.00
mu_phi[19]            2.67    0.02  0.85     1.36     2.05     2.55     3.18     4.73  1889 1.00
mu_phi[20]            2.67    0.02  0.85     1.36     2.05     2.55     3.18     4.73  1889 1.00
mu_phi[21]            2.67    0.02  0.85     1.36     2.05     2.55     3.18     4.73  1889 1.00
mu_phi[22]            2.54    0.02  0.59     1.60     2.13     2.46     2.90     3.88  1421 1.00
mu_phi[23]            2.54    0.02  0.59     1.60     2.13     2.46     2.90     3.88  1421 1.00
mu_phi[24]            2.67    0.02  0.85     1.36     2.05     2.55     3.18     4.73  1889 1.00
mu_phi[25]            2.54    0.02  0.59     1.60     2.13     2.46     2.90     3.88  1421 1.00
mu_phi[26]            2.67    0.02  0.85     1.36     2.05     2.55     3.18     4.73  1889 1.00
mu_phi[27]            2.67    0.02  0.85     1.36     2.05     2.55     3.18     4.73  1889 1.00
mu_phi[28]            2.67    0.02  0.85     1.36     2.05     2.55     3.18     4.73  1889 1.00
mu_phi[29]            2.54    0.02  0.59     1.60     2.13     2.46     2.90     3.88  1421 1.00
mu_phi[30]            2.54    0.02  0.59     1.60     2.13     2.46     2.90     3.88  1421 1.00
mu_phi[31]            2.54    0.02  0.59     1.60     2.13     2.46     2.90     3.88  1421 1.00
mu_phi[32]            2.54    0.02  0.59     1.60     2.13     2.46     2.90     3.88  1421 1.00
mu_phi[33]            2.67    0.02  0.85     1.36     2.05     2.55     3.18     4.73  1889 1.00
mu_phi[34]            2.54    0.02  0.59     1.60     2.13     2.46     2.90     3.88  1421 1.00
mu_phi[35]            2.67    0.02  0.85     1.36     2.05     2.55     3.18     4.73  1889 1.00
mu_phi[36]            2.67    0.02  0.85     1.36     2.05     2.55     3.18     4.73  1889 1.00
mu_phi[37]            2.54    0.02  0.59     1.60     2.13     2.46     2.90     3.88  1421 1.00
mu_phi[38]            2.54    0.02  0.59     1.60     2.13     2.46     2.90     3.88  1421 1.00
mu_phi[39]            2.54    0.02  0.59     1.60     2.13     2.46     2.90     3.88  1421 1.00
mu_phi[40]            2.54    0.02  0.59     1.60     2.13     2.46     2.90     3.88  1421 1.00
mu_phi[41]            2.54    0.02  0.59     1.60     2.13     2.46     2.90     3.88  1421 1.00
mu_phi[42]            2.54    0.02  0.59     1.60     2.13     2.46     2.90     3.88  1421 1.00
mu_phi[43]            2.54    0.02  0.59     1.60     2.13     2.46     2.90     3.88  1421 1.00
mu_phi[44]            2.54    0.02  0.59     1.60     2.13     2.46     2.90     3.88  1421 1.00
mu_phi[45]            2.67    0.02  0.85     1.36     2.05     2.55     3.18     4.73  1889 1.00
mu_phi[46]            2.67    0.02  0.85     1.36     2.05     2.55     3.18     4.73  1889 1.00
mu_phi[47]            2.67    0.02  0.85     1.36     2.05     2.55     3.18     4.73  1889 1.00
mu_phi[48]            2.67    0.02  0.85     1.36     2.05     2.55     3.18     4.73  1889 1.00
mu_phi[49]            2.54    0.02  0.59     1.60     2.13     2.46     2.90     3.88  1421 1.00
mu_phi[50]            2.67    0.02  0.85     1.36     2.05     2.55     3.18     4.73  1889 1.00
mu_phi[51]            2.67    0.02  0.85     1.36     2.05     2.55     3.18     4.73  1889 1.00
mu_phi[52]            2.54    0.02  0.59     1.60     2.13     2.46     2.90     3.88  1421 1.00
mu_phi[53]            2.54    0.02  0.59     1.60     2.13     2.46     2.90     3.88  1421 1.00
mu_phi[54]            2.54    0.02  0.59     1.60     2.13     2.46     2.90     3.88  1421 1.00
mu_phi[55]            2.67    0.02  0.85     1.36     2.05     2.55     3.18     4.73  1889 1.00
mu_phi[56]            2.67    0.02  0.85     1.36     2.05     2.55     3.18     4.73  1889 1.00
mu_phi[57]            2.54    0.02  0.59     1.60     2.13     2.46     2.90     3.88  1421 1.00
mu_phi[58]            2.67    0.02  0.85     1.36     2.05     2.55     3.18     4.73  1889 1.00
mu_phi[59]            2.67    0.02  0.85     1.36     2.05     2.55     3.18     4.73  1889 1.00
mu_phi[60]            2.67    0.02  0.85     1.36     2.05     2.55     3.18     4.73  1889 1.00
mu_phi[61]            2.54    0.02  0.59     1.60     2.13     2.46     2.90     3.88  1421 1.00
mu_phi[62]            2.54    0.02  0.59     1.60     2.13     2.46     2.90     3.88  1421 1.00
mu_phi[63]            2.54    0.02  0.59     1.60     2.13     2.46     2.90     3.88  1421 1.00
mu_phi[64]            2.54    0.02  0.59     1.60     2.13     2.46     2.90     3.88  1421 1.00
mu_phi[65]            2.54    0.02  0.59     1.60     2.13     2.46     2.90     3.88  1421 1.00
mu_phi[66]            2.54    0.02  0.59     1.60     2.13     2.46     2.90     3.88  1421 1.00
mu_phi[67]            2.54    0.02  0.59     1.60     2.13     2.46     2.90     3.88  1421 1.00
mu_phi[68]            2.54    0.02  0.59     1.60     2.13     2.46     2.90     3.88  1421 1.00
mu_phi[69]            2.54    0.02  0.59     1.60     2.13     2.46     2.90     3.88  1421 1.00
mu_phi[70]            2.54    0.02  0.59     1.60     2.13     2.46     2.90     3.88  1421 1.00
mu_phi[71]            2.67    0.02  0.85     1.36     2.05     2.55     3.18     4.73  1889 1.00
mu_phi[72]            2.54    0.02  0.59     1.60     2.13     2.46     2.90     3.88  1421 1.00
mu_phi[73]            2.54    0.02  0.59     1.60     2.13     2.46     2.90     3.88  1421 1.00
mu_phi[74]            2.54    0.02  0.59     1.60     2.13     2.46     2.90     3.88  1421 1.00
mu_phi[75]            2.54    0.02  0.59     1.60     2.13     2.46     2.90     3.88  1421 1.00
mu_phi[76]            2.54    0.02  0.59     1.60     2.13     2.46     2.90     3.88  1421 1.00
mu_phi[77]            2.54    0.02  0.59     1.60     2.13     2.46     2.90     3.88  1421 1.00
mu_phi[78]            2.54    0.02  0.59     1.60     2.13     2.46     2.90     3.88  1421 1.00
mu_phi[79]            2.54    0.02  0.59     1.60     2.13     2.46     2.90     3.88  1421 1.00
mu_phi[80]            2.54    0.02  0.59     1.60     2.13     2.46     2.90     3.88  1421 1.00
mu_phi[81]            2.54    0.02  0.59     1.60     2.13     2.46     2.90     3.88  1421 1.00
mu_phi[82]            2.54    0.02  0.59     1.60     2.13     2.46     2.90     3.88  1421 1.00
mu_phi[83]            2.54    0.02  0.59     1.60     2.13     2.46     2.90     3.88  1421 1.00
mu_phi[84]            2.54    0.02  0.59     1.60     2.13     2.46     2.90     3.88  1421 1.00
mu_phi[85]            2.54    0.02  0.59     1.60     2.13     2.46     2.90     3.88  1421 1.00
mu_phi[86]            2.54    0.02  0.59     1.60     2.13     2.46     2.90     3.88  1421 1.00
mu_phi[87]            2.54    0.02  0.59     1.60     2.13     2.46     2.90     3.88  1421 1.00
mu_phi[88]            2.54    0.02  0.59     1.60     2.13     2.46     2.90     3.88  1421 1.00
mu_phi[89]            2.54    0.02  0.59     1.60     2.13     2.46     2.90     3.88  1421 1.00
mu_phi[90]            2.54    0.02  0.59     1.60     2.13     2.46     2.90     3.88  1421 1.00
mu_phi[91]            2.54    0.02  0.59     1.60     2.13     2.46     2.90     3.88  1421 1.00
mu_phi[92]            2.54    0.02  0.59     1.60     2.13     2.46     2.90     3.88  1421 1.00
mu_phi[93]            2.54    0.02  0.59     1.60     2.13     2.46     2.90     3.88  1421 1.00
mu_phi[94]            2.54    0.02  0.59     1.60     2.13     2.46     2.90     3.88  1421 1.00
mu_phi[95]            2.54    0.02  0.59     1.60     2.13     2.46     2.90     3.88  1421 1.00
mu_phi[96]            2.54    0.02  0.59     1.60     2.13     2.46     2.90     3.88  1421 1.00
mu_phi[97]            2.54    0.02  0.59     1.60     2.13     2.46     2.90     3.88  1421 1.00
mu_phi[98]            2.67    0.02  0.85     1.36     2.05     2.55     3.18     4.73  1889 1.00
mu_phi[99]            2.54    0.02  0.59     1.60     2.13     2.46     2.90     3.88  1421 1.00
mu_phi[100]           2.54    0.02  0.59     1.60     2.13     2.46     2.90     3.88  1421 1.00
mu_phi[101]           2.54    0.02  0.59     1.60     2.13     2.46     2.90     3.88  1421 1.00
mu_phi[102]           0.52    0.00  0.08     0.38     0.47     0.52     0.57     0.69  2000 1.00
mu_phi[103]           1.21    0.01  0.28     0.74     1.01     1.19     1.39     1.83  2000 1.00
mu_phi[104]           0.52    0.00  0.08     0.38     0.47     0.52     0.57     0.69  2000 1.00
mu_phi[105]           0.52    0.00  0.08     0.38     0.47     0.52     0.57     0.69  2000 1.00
mu_phi[106]           0.52    0.00  0.08     0.38     0.47     0.52     0.57     0.69  2000 1.00
mu_phi[107]           1.21    0.01  0.28     0.74     1.01     1.19     1.39     1.83  2000 1.00
mu_phi[108]           0.52    0.00  0.08     0.38     0.47     0.52     0.57     0.69  2000 1.00
mu_phi[109]           1.21    0.01  0.28     0.74     1.01     1.19     1.39     1.83  2000 1.00
mu_phi[110]           1.21    0.01  0.28     0.74     1.01     1.19     1.39     1.83  2000 1.00
mu_phi[111]           0.52    0.00  0.08     0.38     0.47     0.52     0.57     0.69  2000 1.00
mu_phi[112]           1.21    0.01  0.28     0.74     1.01     1.19     1.39     1.83  2000 1.00
mu_phi[113]           0.52    0.00  0.08     0.38     0.47     0.52     0.57     0.69  2000 1.00
mu_phi[114]           1.21    0.01  0.28     0.74     1.01     1.19     1.39     1.83  2000 1.00
mu_phi[115]           1.21    0.01  0.28     0.74     1.01     1.19     1.39     1.83  2000 1.00
mu_phi[116]           1.21    0.01  0.28     0.74     1.01     1.19     1.39     1.83  2000 1.00
mu_phi[117]           0.52    0.00  0.08     0.38     0.47     0.52     0.57     0.69  2000 1.00
mu_phi[118]           0.52    0.00  0.08     0.38     0.47     0.52     0.57     0.69  2000 1.00
mu_phi[119]           0.52    0.00  0.08     0.38     0.47     0.52     0.57     0.69  2000 1.00
mu_phi[120]           1.21    0.01  0.28     0.74     1.01     1.19     1.39     1.83  2000 1.00
mu_phi[121]           0.52    0.00  0.08     0.38     0.47     0.52     0.57     0.69  2000 1.00
mu_phi[122]           1.21    0.01  0.28     0.74     1.01     1.19     1.39     1.83  2000 1.00
mu_phi[123]           0.52    0.00  0.08     0.38     0.47     0.52     0.57     0.69  2000 1.00
mu_phi[124]           1.21    0.01  0.28     0.74     1.01     1.19     1.39     1.83  2000 1.00
mu_phi[125]           1.21    0.01  0.28     0.74     1.01     1.19     1.39     1.83  2000 1.00
mu_phi[126]           1.21    0.01  0.28     0.74     1.01     1.19     1.39     1.83  2000 1.00
mu_phi[127]           1.21    0.01  0.28     0.74     1.01     1.19     1.39     1.83  2000 1.00
mu_phi[128]           0.52    0.00  0.08     0.38     0.47     0.52     0.57     0.69  2000 1.00
mu_phi[129]           0.52    0.00  0.08     0.38     0.47     0.52     0.57     0.69  2000 1.00
mu_phi[130]           1.21    0.01  0.28     0.74     1.01     1.19     1.39     1.83  2000 1.00
mu_phi[131]           0.52    0.00  0.08     0.38     0.47     0.52     0.57     0.69  2000 1.00
mu_phi[132]           1.21    0.01  0.28     0.74     1.01     1.19     1.39     1.83  2000 1.00
mu_phi[133]           1.21    0.01  0.28     0.74     1.01     1.19     1.39     1.83  2000 1.00
mu_phi[134]           1.21    0.01  0.28     0.74     1.01     1.19     1.39     1.83  2000 1.00
mu_phi[135]           0.52    0.00  0.08     0.38     0.47     0.52     0.57     0.69  2000 1.00
mu_phi[136]           0.52    0.00  0.08     0.38     0.47     0.52     0.57     0.69  2000 1.00
mu_phi[137]           0.52    0.00  0.08     0.38     0.47     0.52     0.57     0.69  2000 1.00
mu_phi[138]           0.52    0.00  0.08     0.38     0.47     0.52     0.57     0.69  2000 1.00
mu_phi[139]           1.21    0.01  0.28     0.74     1.01     1.19     1.39     1.83  2000 1.00
mu_phi[140]           0.52    0.00  0.08     0.38     0.47     0.52     0.57     0.69  2000 1.00
mu_phi[141]           0.52    0.00  0.08     0.38     0.47     0.52     0.57     0.69  2000 1.00
mu_phi[142]           1.21    0.01  0.28     0.74     1.01     1.19     1.39     1.83  2000 1.00
mu_phi[143]           1.21    0.01  0.28     0.74     1.01     1.19     1.39     1.83  2000 1.00
mu_phi[144]           0.52    0.00  0.08     0.38     0.47     0.52     0.57     0.69  2000 1.00
mu_phi[145]           0.52    0.00  0.08     0.38     0.47     0.52     0.57     0.69  2000 1.00
mu_phi[146]           0.52    0.00  0.08     0.38     0.47     0.52     0.57     0.69  2000 1.00
mu_phi[147]           0.52    0.00  0.08     0.38     0.47     0.52     0.57     0.69  2000 1.00
mu_phi[148]           0.52    0.00  0.08     0.38     0.47     0.52     0.57     0.69  2000 1.00
mu_phi[149]           0.52    0.00  0.08     0.38     0.47     0.52     0.57     0.69  2000 1.00
mu_phi[150]           0.52    0.00  0.08     0.38     0.47     0.52     0.57     0.69  2000 1.00
mu_phi[151]           0.52    0.00  0.08     0.38     0.47     0.52     0.57     0.69  2000 1.00
mu_phi[152]           0.52    0.00  0.08     0.38     0.47     0.52     0.57     0.69  2000 1.00
mu_phi[153]           0.52    0.00  0.08     0.38     0.47     0.52     0.57     0.69  2000 1.00
mu_phi[154]           0.52    0.00  0.08     0.38     0.47     0.52     0.57     0.69  2000 1.00
mu_phi[155]           0.52    0.00  0.08     0.38     0.47     0.52     0.57     0.69  2000 1.00
mu_phi[156]           0.52    0.00  0.08     0.38     0.47     0.52     0.57     0.69  2000 1.00
mu_phi[157]           1.21    0.01  0.28     0.74     1.01     1.19     1.39     1.83  2000 1.00
mu_phi[158]           1.21    0.01  0.28     0.74     1.01     1.19     1.39     1.83  2000 1.00
mu_phi[159]           1.21    0.01  0.28     0.74     1.01     1.19     1.39     1.83  2000 1.00
mu_phi[160]           0.52    0.00  0.08     0.38     0.47     0.52     0.57     0.69  2000 1.00
mu_phi[161]           1.21    0.01  0.28     0.74     1.01     1.19     1.39     1.83  2000 1.00
mu_phi[162]           0.52    0.00  0.08     0.38     0.47     0.52     0.57     0.69  2000 1.00
mu_phi[163]           1.21    0.01  0.28     0.74     1.01     1.19     1.39     1.83  2000 1.00
mu_phi[164]           1.21    0.01  0.28     0.74     1.01     1.19     1.39     1.83  2000 1.00
mu_phi[165]           0.52    0.00  0.08     0.38     0.47     0.52     0.57     0.69  2000 1.00
mu_phi[166]           0.52    0.00  0.08     0.38     0.47     0.52     0.57     0.69  2000 1.00
mu_phi[167]           0.52    0.00  0.08     0.38     0.47     0.52     0.57     0.69  2000 1.00
mu_phi[168]           1.21    0.01  0.28     0.74     1.01     1.19     1.39     1.83  2000 1.00
mu_phi[169]           1.21    0.01  0.28     0.74     1.01     1.19     1.39     1.83  2000 1.00
mu_phi[170]           0.52    0.00  0.08     0.38     0.47     0.52     0.57     0.69  2000 1.00
mu_phi[171]           1.21    0.01  0.28     0.74     1.01     1.19     1.39     1.83  2000 1.00
mu_phi[172]           1.21    0.01  0.28     0.74     1.01     1.19     1.39     1.83  2000 1.00
mu_phi[173]           1.21    0.01  0.28     0.74     1.01     1.19     1.39     1.83  2000 1.00
mu_phi[174]           0.52    0.00  0.08     0.38     0.47     0.52     0.57     0.69  2000 1.00
mu_phi[175]           0.52    0.00  0.08     0.38     0.47     0.52     0.57     0.69  2000 1.00
mu_phi[176]           0.52    0.00  0.08     0.38     0.47     0.52     0.57     0.69  2000 1.00
mu_phi[177]           0.52    0.00  0.08     0.38     0.47     0.52     0.57     0.69  2000 1.00
mu_phi[178]           0.52    0.00  0.08     0.38     0.47     0.52     0.57     0.69  2000 1.00
mu_phi[179]           0.52    0.00  0.08     0.38     0.47     0.52     0.57     0.69  2000 1.00
mu_phi[180]           0.52    0.00  0.08     0.38     0.47     0.52     0.57     0.69  2000 1.00
mu_phi[181]           0.52    0.00  0.08     0.38     0.47     0.52     0.57     0.69  2000 1.00
mu_phi[182]           0.52    0.00  0.08     0.38     0.47     0.52     0.57     0.69  2000 1.00
mu_phi[183]           0.52    0.00  0.08     0.38     0.47     0.52     0.57     0.69  2000 1.00
mu_phi[184]           1.21    0.01  0.28     0.74     1.01     1.19     1.39     1.83  2000 1.00
mu_phi[185]           0.52    0.00  0.08     0.38     0.47     0.52     0.57     0.69  2000 1.00
mu_phi[186]           0.52    0.00  0.08     0.38     0.47     0.52     0.57     0.69  2000 1.00
mu_phi[187]           0.52    0.00  0.08     0.38     0.47     0.52     0.57     0.69  2000 1.00
mu_phi[188]           0.52    0.00  0.08     0.38     0.47     0.52     0.57     0.69  2000 1.00
mu_phi[189]           1.21    0.01  0.28     0.74     1.01     1.19     1.39     1.83  2000 1.00
mu_phi[190]           1.21    0.01  0.28     0.74     1.01     1.19     1.39     1.83  2000 1.00
mu_phi[191]           0.52    0.00  0.08     0.38     0.47     0.52     0.57     0.69  2000 1.00
mu_phi[192]           0.52    0.00  0.08     0.38     0.47     0.52     0.57     0.69  2000 1.00
mu_phi[193]           0.52    0.00  0.08     0.38     0.47     0.52     0.57     0.69  2000 1.00
mu_phi[194]           0.52    0.00  0.08     0.38     0.47     0.52     0.57     0.69  2000 1.00
mu_phi[195]           0.52    0.00  0.08     0.38     0.47     0.52     0.57     0.69  2000 1.00
mu_phi[196]           0.52    0.00  0.08     0.38     0.47     0.52     0.57     0.69  2000 1.00
mu_phi[197]           0.52    0.00  0.08     0.38     0.47     0.52     0.57     0.69  2000 1.00
mu_phi[198]           0.52    0.00  0.08     0.38     0.47     0.52     0.57     0.69  2000 1.00
mu_phi[199]           0.52    0.00  0.08     0.38     0.47     0.52     0.57     0.69  2000 1.00
mu_phi[200]           0.52    0.00  0.08     0.38     0.47     0.52     0.57     0.69  2000 1.00
mu_phi[201]           0.52    0.00  0.08     0.38     0.47     0.52     0.57     0.69  2000 1.00
mu_phi[202]           0.52    0.00  0.08     0.38     0.47     0.52     0.57     0.69  2000 1.00
mu_phi[203]           0.52    0.00  0.08     0.38     0.47     0.52     0.57     0.69  2000 1.00
mu_phi[204]           0.52    0.00  0.08     0.38     0.47     0.52     0.57     0.69  2000 1.00
mu_phi[205]           0.52    0.00  0.08     0.38     0.47     0.52     0.57     0.69  2000 1.00
mu_phi[206]           0.52    0.00  0.08     0.38     0.47     0.52     0.57     0.69  2000 1.00
mu_phi[207]           0.52    0.00  0.08     0.38     0.47     0.52     0.57     0.69  2000 1.00
mu_phi[208]           0.52    0.00  0.08     0.38     0.47     0.52     0.57     0.69  2000 1.00
mu_phi[209]           0.52    0.00  0.08     0.38     0.47     0.52     0.57     0.69  2000 1.00
mu_phi[210]           0.52    0.00  0.08     0.38     0.47     0.52     0.57     0.69  2000 1.00
mu_phi[211]           0.52    0.00  0.08     0.38     0.47     0.52     0.57     0.69  2000 1.00
mu_phi[212]           0.52    0.00  0.08     0.38     0.47     0.52     0.57     0.69  2000 1.00
mu_phi[213]           0.52    0.00  0.08     0.38     0.47     0.52     0.57     0.69  2000 1.00
mu_phi[214]           0.52    0.00  0.08     0.38     0.47     0.52     0.57     0.69  2000 1.00
mu_phi[215]           0.52    0.00  0.08     0.38     0.47     0.52     0.57     0.69  2000 1.00
mu_phi[216]           0.52    0.00  0.08     0.38     0.47     0.52     0.57     0.69  2000 1.00
mu_phi[217]           1.21    0.01  0.28     0.74     1.01     1.19     1.39     1.83  2000 1.00
mu_phi[218]           0.52    0.00  0.08     0.38     0.47     0.52     0.57     0.69  2000 1.00
mu_phi[219]           0.52    0.00  0.08     0.38     0.47     0.52     0.57     0.69  2000 1.00
mu_phi[220]           0.52    0.00  0.08     0.38     0.47     0.52     0.57     0.69  2000 1.00
lp__              12824.52    1.21 20.57 12792.67 12809.65 12820.70 12837.18 12872.81   290 1.01

Samples were drawn using NUTS(diag_e) at Wed Feb 17 13:52:56 2016.
For each parameter, n_eff is a crude measure of effective sample size,
and Rhat is the potential scale reduction factor on split chains (at 
convergence, Rhat=1).
