Inference for Stan model: 5d686f1d267a1c5fb9932e4f79238041.
4 chains, each with iter=10000; warmup=5000; thin=10; 
post-warmup draws per chain=500, total post-warmup draws=2000.

                       mean se_mean    sd     2.5%      25%      50%      75%    97.5% n_eff Rhat
alpha                  2.26    0.03  0.94     0.90     2.04     2.22     2.40     3.81   750 1.01
beta_dairy             0.66    0.00  0.16     0.36     0.54     0.66     0.77     1.00  1816 1.00
beta_winter            0.95    0.00  0.18     0.60     0.82     0.96     1.08     1.31  1763 1.00
beta_dairy_winter     -0.10    0.01  0.26    -0.65    -0.27    -0.10     0.08     0.40  1816 1.00
theta_alpha            3.65    0.01  0.28     3.13     3.47     3.65     3.83     4.23  1807 1.00
theta_dairy            1.50    0.01  0.48     0.64     1.17     1.48     1.79     2.51  1803 1.00
theta_winter           3.35    0.01  0.45     2.50     3.05     3.34     3.63     4.29  1753 1.00
theta_dairy_winter    -1.27    0.02  0.72    -2.78    -1.75    -1.25    -0.78     0.07  1783 1.00
sigma_region           0.85    0.05  1.57     0.11     0.24     0.41     0.82     4.50   842 1.00
sigma_square           0.09    0.00  0.05     0.01     0.05     0.09     0.13     0.21   421 1.01
b_region[1]            2.43    0.00  0.11     2.20     2.35     2.43     2.50     2.65  1694 1.00
b_region[2]            2.24    0.00  0.12     2.00     2.16     2.24     2.32     2.47  1189 1.00
b_region[3]            2.00    0.00  0.12     1.77     1.92     2.00     2.07     2.22  2000 1.00
b_square[1,1]         -0.03    0.00  0.09    -0.23    -0.07    -0.01     0.02     0.14  1742 1.00
b_square[1,2]          0.02    0.00  0.09    -0.16    -0.03     0.01     0.07     0.23  1643 1.00
b_square[1,3]          0.01    0.00  0.09    -0.17    -0.03     0.01     0.06     0.21  1768 1.00
b_square[1,4]          0.04    0.00  0.10    -0.13    -0.02     0.02     0.09     0.27  1544 1.00
b_square[1,5]          0.00    0.00  0.09    -0.19    -0.05     0.00     0.04     0.19  2000 1.00
b_square[1,6]         -0.06    0.00  0.10    -0.32    -0.11    -0.04     0.00     0.09   928 1.00
b_square[1,7]         -0.02    0.00  0.09    -0.23    -0.07    -0.01     0.03     0.14  1801 1.00
b_square[1,8]          0.01    0.00  0.09    -0.18    -0.03     0.01     0.06     0.22  1971 1.00
b_square[1,9]         -0.01    0.00  0.09    -0.20    -0.05     0.00     0.04     0.16  1928 1.00
b_square[1,10]         0.06    0.00  0.11    -0.11    -0.01     0.04     0.11     0.32  1121 1.00
b_square[2,1]         -0.03    0.00  0.09    -0.25    -0.07    -0.01     0.02     0.13  1402 1.00
b_square[2,2]          0.03    0.00  0.09    -0.15    -0.02     0.02     0.08     0.25  1486 1.00
b_square[2,3]          0.03    0.00  0.09    -0.14    -0.02     0.01     0.07     0.24  2000 1.00
b_square[2,4]          0.02    0.00  0.09    -0.16    -0.03     0.01     0.06     0.22  1642 1.00
b_square[2,5]          0.03    0.00  0.09    -0.15    -0.02     0.01     0.07     0.23  1936 1.00
b_square[2,6]          0.06    0.00  0.11    -0.11     0.00     0.04     0.12     0.34  1006 1.01
b_square[2,7]          0.03    0.00  0.09    -0.14    -0.02     0.02     0.08     0.23  1734 1.00
b_square[2,8]         -0.05    0.00  0.10    -0.28    -0.09    -0.03     0.01     0.12  1107 1.00
b_square[2,9]         -0.04    0.00  0.10    -0.27    -0.09    -0.02     0.01     0.13  1702 1.00
b_square[2,10]        -0.06    0.00  0.10    -0.31    -0.11    -0.04     0.00     0.11  1347 1.00
b_square[3,1]          0.01    0.00  0.09    -0.17    -0.04     0.00     0.05     0.21  1889 1.00
b_square[3,2]          0.00    0.00  0.09    -0.19    -0.04     0.00     0.05     0.19  2000 1.00
b_square[3,3]          0.04    0.00  0.10    -0.15    -0.02     0.02     0.09     0.28  2000 1.00
b_square[3,4]          0.01    0.00  0.09    -0.18    -0.04     0.00     0.05     0.22  1880 1.00
b_square[3,5]          0.00    0.00  0.09    -0.21    -0.04     0.00     0.05     0.20  1983 1.00
b_square[3,6]         -0.05    0.00  0.10    -0.28    -0.10    -0.03     0.01     0.11  1273 1.00
b_square[3,7]         -0.08    0.00  0.11    -0.34    -0.13    -0.05     0.00     0.08   944 1.00
b_square[3,8]          0.00    0.00  0.09    -0.21    -0.05     0.00     0.04     0.18  2000 1.00
b_square[3,9]          0.04    0.00  0.10    -0.13    -0.02     0.02     0.09     0.28  1680 1.00
b_square[3,10]         0.00    0.00  0.09    -0.18    -0.04     0.00     0.05     0.19  1752 1.00
mu[1]                  2.40    0.00  0.13     2.12     2.31     2.40     2.49     2.66  1620 1.00
mu[2]                  2.40    0.00  0.13     2.12     2.31     2.40     2.49     2.66  1620 1.00
mu[3]                  2.40    0.00  0.13     2.12     2.31     2.40     2.49     2.66  1620 1.00
mu[4]                  2.45    0.00  0.14     2.18     2.36     2.45     2.54     2.72  1725 1.00
mu[5]                  2.45    0.00  0.14     2.18     2.36     2.45     2.54     2.72  1725 1.00
mu[6]                  3.11    0.00  0.16     2.80     3.01     3.11     3.21     3.43  2000 1.00
mu[7]                  3.10    0.00  0.16     2.80     3.00     3.10     3.20     3.42  2000 1.00
mu[8]                  3.10    0.00  0.16     2.80     3.00     3.10     3.20     3.42  2000 1.00
mu[9]                  2.44    0.00  0.14     2.17     2.34     2.44     2.53     2.71  1740 1.00
mu[10]                 3.13    0.00  0.16     2.83     3.02     3.12     3.23     3.45  1742 1.00
mu[11]                 3.13    0.00  0.16     2.83     3.02     3.12     3.23     3.45  1742 1.00
mu[12]                 2.47    0.00  0.15     2.17     2.37     2.46     2.56     2.76  1637 1.00
mu[13]                 2.42    0.00  0.13     2.16     2.33     2.42     2.51     2.67  1884 1.00
mu[14]                 2.42    0.00  0.13     2.16     2.33     2.42     2.51     2.67  1884 1.00
mu[15]                 2.42    0.00  0.13     2.16     2.33     2.42     2.51     2.67  1884 1.00
mu[16]                 3.03    0.00  0.16     2.68     2.92     3.03     3.14     3.33  1099 1.00
mu[17]                 2.36    0.00  0.15     2.02     2.27     2.37     2.46     2.63  1083 1.00
mu[18]                 3.03    0.00  0.16     2.68     2.92     3.03     3.14     3.33  1099 1.00
mu[19]                 3.03    0.00  0.16     2.68     2.92     3.03     3.14     3.33  1099 1.00
mu[20]                 3.06    0.00  0.16     2.75     2.97     3.07     3.17     3.36  1766 1.00
mu[21]                 3.06    0.00  0.16     2.75     2.97     3.07     3.17     3.36  1766 1.00
mu[22]                 2.40    0.00  0.13     2.12     2.32     2.41     2.49     2.65  1570 1.00
mu[23]                 2.40    0.00  0.13     2.12     2.32     2.41     2.49     2.65  1570 1.00
mu[24]                 3.10    0.00  0.16     2.78     3.00     3.10     3.21     3.39  2000 1.00
mu[25]                 2.44    0.00  0.14     2.17     2.34     2.44     2.53     2.70  1785 1.00
mu[26]                 3.10    0.00  0.16     2.78     3.00     3.10     3.21     3.39  2000 1.00
mu[27]                 3.10    0.00  0.16     2.78     3.00     3.10     3.21     3.39  2000 1.00
mu[28]                 3.08    0.00  0.16     2.76     2.97     3.08     3.19     3.38  1847 1.00
mu[29]                 2.42    0.00  0.13     2.15     2.33     2.42     2.51     2.66  1887 1.00
mu[30]                 2.42    0.00  0.13     2.15     2.33     2.42     2.51     2.66  1887 1.00
mu[31]                 2.42    0.00  0.13     2.15     2.33     2.42     2.51     2.66  1887 1.00
mu[32]                 2.49    0.00  0.15     2.20     2.38     2.48     2.58     2.80  1484 1.00
mu[33]                 3.15    0.00  0.17     2.84     3.04     3.14     3.25     3.50  1657 1.00
mu[34]                 2.49    0.00  0.15     2.20     2.38     2.48     2.58     2.80  1484 1.00
mu[35]                 2.88    0.00  0.16     2.56     2.77     2.88     2.99     3.18  1573 1.00
mu[36]                 2.88    0.00  0.16     2.56     2.77     2.88     2.99     3.18  1573 1.00
mu[37]                 2.21    0.00  0.15     1.91     2.12     2.22     2.31     2.49  1058 1.00
mu[38]                 2.27    0.00  0.14     1.98     2.18     2.27     2.36     2.55  1392 1.00
mu[39]                 2.27    0.00  0.14     1.98     2.18     2.27     2.36     2.55  1392 1.00
mu[40]                 2.27    0.00  0.14     2.00     2.17     2.26     2.36     2.55  1479 1.00
mu[41]                 2.27    0.00  0.14     2.00     2.17     2.26     2.36     2.55  1479 1.00
mu[42]                 2.27    0.00  0.14     2.00     2.17     2.26     2.36     2.55  1479 1.00
mu[43]                 2.26    0.00  0.14     1.99     2.16     2.26     2.35     2.55  1286 1.00
mu[44]                 2.26    0.00  0.14     1.99     2.16     2.26     2.35     2.55  1286 1.00
mu[45]                 2.93    0.00  0.16     2.62     2.82     2.93     3.04     3.24  1830 1.00
mu[46]                 2.93    0.00  0.16     2.62     2.82     2.93     3.04     3.24  1830 1.00
mu[47]                 2.93    0.00  0.16     2.62     2.82     2.93     3.04     3.24  1830 1.00
mu[48]                 2.97    0.00  0.17     2.66     2.85     2.96     3.07     3.31  1726 1.00
mu[49]                 2.30    0.00  0.15     2.01     2.20     2.29     2.40     2.64  1358 1.00
mu[50]                 2.97    0.00  0.17     2.66     2.85     2.96     3.07     3.31  1726 1.00
mu[51]                 2.97    0.00  0.17     2.66     2.85     2.96     3.07     3.31  1726 1.00
mu[52]                 2.27    0.00  0.14     2.01     2.18     2.27     2.36     2.55  1566 1.00
mu[53]                 2.27    0.00  0.14     2.01     2.18     2.27     2.36     2.55  1566 1.00
mu[54]                 2.27    0.00  0.14     2.01     2.18     2.27     2.36     2.55  1566 1.00
mu[55]                 2.94    0.00  0.16     2.63     2.83     2.93     3.04     3.26  1948 1.00
mu[56]                 2.86    0.00  0.17     2.51     2.76     2.86     2.97     3.18  1474 1.00
mu[57]                 2.19    0.00  0.15     1.87     2.10     2.20     2.30     2.46  1105 1.00
mu[58]                 2.86    0.00  0.17     2.51     2.76     2.86     2.97     3.18  1474 1.00
mu[59]                 2.86    0.00  0.17     2.51     2.76     2.86     2.97     3.18  1474 1.00
mu[60]                 2.86    0.00  0.17     2.49     2.75     2.87     2.98     3.17  1672 1.00
mu[61]                 2.20    0.00  0.15     1.90     2.11     2.20     2.30     2.47  1169 1.00
mu[62]                 2.20    0.00  0.15     1.90     2.11     2.20     2.30     2.47  1169 1.00
mu[63]                 2.20    0.00  0.15     1.90     2.11     2.20     2.30     2.47  1169 1.00
mu[64]                 2.18    0.00  0.15     1.86     2.09     2.19     2.28     2.45  1252 1.00
mu[65]                 2.18    0.00  0.15     1.86     2.09     2.19     2.28     2.45  1252 1.00
mu[66]                 2.18    0.00  0.15     1.86     2.09     2.19     2.28     2.45  1252 1.00
mu[67]                 2.18    0.00  0.15     1.86     2.09     2.19     2.28     2.45  1252 1.00
mu[68]                 2.00    0.00  0.13     1.74     1.91     2.00     2.09     2.27  1910 1.00
mu[69]                 2.00    0.00  0.13     1.74     1.91     2.00     2.09     2.27  1910 1.00
mu[70]                 2.00    0.00  0.13     1.74     1.91     2.00     2.09     2.27  1910 1.00
mu[71]                 2.67    0.00  0.18     2.32     2.55     2.67     2.78     3.02  2000 1.00
mu[72]                 2.00    0.00  0.14     1.72     1.91     2.00     2.09     2.28  2000 1.00
mu[73]                 2.00    0.00  0.14     1.72     1.91     2.00     2.09     2.28  2000 1.00
mu[74]                 2.00    0.00  0.14     1.72     1.91     2.00     2.09     2.28  2000 1.00
mu[75]                 2.00    0.00  0.14     1.72     1.91     2.00     2.09     2.28  2000 1.00
mu[76]                 2.03    0.00  0.15     1.76     1.94     2.03     2.13     2.34  2000 1.00
mu[77]                 2.03    0.00  0.15     1.76     1.94     2.03     2.13     2.34  2000 1.00
mu[78]                 2.01    0.00  0.14     1.73     1.91     2.00     2.10     2.30  1963 1.00
mu[79]                 2.01    0.00  0.14     1.73     1.91     2.00     2.10     2.30  1963 1.00
mu[80]                 2.00    0.00  0.14     1.71     1.91     2.00     2.09     2.27  2000 1.00
mu[81]                 2.00    0.00  0.14     1.71     1.91     2.00     2.09     2.27  2000 1.00
mu[82]                 1.95    0.00  0.14     1.65     1.86     1.95     2.04     2.22  1508 1.00
mu[83]                 1.95    0.00  0.14     1.65     1.86     1.95     2.04     2.22  1508 1.00
mu[84]                 1.95    0.00  0.14     1.65     1.86     1.95     2.04     2.22  1508 1.00
mu[85]                 1.95    0.00  0.14     1.65     1.86     1.95     2.04     2.22  1508 1.00
mu[86]                 1.92    0.00  0.15     1.59     1.82     1.93     2.02     2.19  1072 1.00
mu[87]                 1.92    0.00  0.15     1.59     1.82     1.93     2.02     2.19  1072 1.00
mu[88]                 1.92    0.00  0.15     1.59     1.82     1.93     2.02     2.19  1072 1.00
mu[89]                 1.92    0.00  0.15     1.59     1.82     1.93     2.02     2.19  1072 1.00
mu[90]                 1.99    0.00  0.14     1.72     1.91     1.99     2.09     2.26  2000 1.00
mu[91]                 1.99    0.00  0.14     1.72     1.91     1.99     2.09     2.26  2000 1.00
mu[92]                 1.99    0.00  0.14     1.72     1.91     1.99     2.09     2.26  2000 1.00
mu[93]                 1.99    0.00  0.14     1.72     1.91     1.99     2.09     2.26  2000 1.00
mu[94]                 2.04    0.00  0.14     1.77     1.94     2.03     2.13     2.32  1841 1.00
mu[95]                 2.04    0.00  0.14     1.77     1.94     2.03     2.13     2.32  1841 1.00
mu[96]                 2.04    0.00  0.14     1.77     1.94     2.03     2.13     2.32  1841 1.00
mu[97]                 2.04    0.00  0.14     1.77     1.94     2.03     2.13     2.32  1841 1.00
mu[98]                 2.66    0.00  0.18     2.31     2.54     2.66     2.78     3.01  1997 1.00
mu[99]                 2.00    0.00  0.13     1.74     1.91     2.00     2.09     2.26  2000 1.00
mu[100]                2.00    0.00  0.13     1.74     1.91     2.00     2.09     2.26  2000 1.00
mu[101]                2.00    0.00  0.13     1.74     1.91     2.00     2.09     2.26  2000 1.00
mu[102]                3.35    0.00  0.18     3.01     3.23     3.35     3.47     3.72  1992 1.00
mu[103]                3.92    0.00  0.17     3.58     3.81     3.92     4.02     4.23  1830 1.00
mu[104]                3.35    0.00  0.18     3.01     3.23     3.35     3.47     3.72  1992 1.00
mu[105]                3.35    0.00  0.18     3.01     3.23     3.35     3.47     3.72  1992 1.00
mu[106]                3.40    0.00  0.18     3.05     3.27     3.40     3.52     3.75  1948 1.00
mu[107]                3.96    0.00  0.17     3.64     3.86     3.96     4.07     4.30  1925 1.00
mu[108]                3.40    0.00  0.18     3.05     3.27     3.40     3.52     3.75  1948 1.00
mu[109]                3.96    0.00  0.17     3.64     3.86     3.96     4.07     4.30  1925 1.00
mu[110]                3.95    0.00  0.16     3.62     3.84     3.96     4.06     4.27  1834 1.00
mu[111]                3.39    0.00  0.19     3.04     3.26     3.38     3.51     3.77  2000 1.00
mu[112]                3.95    0.00  0.16     3.62     3.84     3.96     4.06     4.27  1834 1.00
mu[113]                3.39    0.00  0.19     3.04     3.26     3.38     3.51     3.77  2000 1.00
mu[114]                3.98    0.00  0.16     3.67     3.87     3.98     4.09     4.32  1713 1.00
mu[115]                3.98    0.00  0.16     3.67     3.87     3.98     4.09     4.32  1713 1.00
mu[116]                3.98    0.00  0.16     3.67     3.87     3.98     4.09     4.32  1713 1.00
mu[117]                3.42    0.00  0.19     3.06     3.29     3.41     3.54     3.79  1960 1.00
mu[118]                3.38    0.00  0.18     3.04     3.25     3.37     3.50     3.73  2000 1.00
mu[119]                3.38    0.00  0.18     3.04     3.25     3.37     3.50     3.73  2000 1.00
mu[120]                3.94    0.00  0.17     3.60     3.82     3.95     4.05     4.27  1985 1.00
mu[121]                3.38    0.00  0.18     3.04     3.25     3.37     3.50     3.73  2000 1.00
mu[122]                3.88    0.00  0.17     3.54     3.77     3.89     3.99     4.19  1467 1.00
mu[123]                3.32    0.00  0.19     2.95     3.19     3.32     3.44     3.68  1566 1.00
mu[124]                3.88    0.00  0.17     3.54     3.77     3.89     3.99     4.19  1467 1.00
mu[125]                3.88    0.00  0.17     3.54     3.77     3.89     3.99     4.19  1467 1.00
mu[126]                3.92    0.00  0.16     3.60     3.81     3.92     4.03     4.24  1837 1.00
mu[127]                3.92    0.00  0.16     3.60     3.81     3.92     4.03     4.24  1837 1.00
mu[128]                3.36    0.00  0.18     3.02     3.23     3.35     3.48     3.71  1873 1.00
mu[129]                3.36    0.00  0.18     3.02     3.23     3.35     3.48     3.71  1873 1.00
mu[130]                3.96    0.00  0.16     3.62     3.85     3.96     4.06     4.26  2000 1.00
mu[131]                3.39    0.00  0.18     3.06     3.26     3.38     3.51     3.76  2000 1.00
mu[132]                3.96    0.00  0.16     3.62     3.85     3.96     4.06     4.26  2000 1.00
mu[133]                3.96    0.00  0.16     3.62     3.85     3.96     4.06     4.26  2000 1.00
mu[134]                3.93    0.00  0.17     3.59     3.83     3.94     4.04     4.25  2000 1.00
mu[135]                3.37    0.00  0.18     3.02     3.24     3.37     3.49     3.72  2000 1.00
mu[136]                3.37    0.00  0.18     3.02     3.24     3.37     3.49     3.72  2000 1.00
mu[137]                3.37    0.00  0.18     3.02     3.24     3.37     3.49     3.72  2000 1.00
mu[138]                3.44    0.00  0.19     3.08     3.30     3.43     3.57     3.83  1837 1.00
mu[139]                4.00    0.00  0.18     3.66     3.89     4.00     4.12     4.37  1601 1.00
mu[140]                3.44    0.00  0.19     3.08     3.30     3.43     3.57     3.83  1837 1.00
mu[141]                3.17    0.00  0.20     2.78     3.03     3.16     3.30     3.55  2000 1.00
mu[142]                3.73    0.00  0.18     3.38     3.62     3.73     3.85     4.06  1752 1.00
mu[143]                3.73    0.00  0.18     3.38     3.62     3.73     3.85     4.06  1752 1.00
mu[144]                3.17    0.00  0.20     2.78     3.03     3.16     3.30     3.55  2000 1.00
mu[145]                3.23    0.00  0.19     2.88     3.10     3.22     3.35     3.63  2000 1.00
mu[146]                3.23    0.00  0.19     2.88     3.10     3.22     3.35     3.63  2000 1.00
mu[147]                3.23    0.00  0.19     2.88     3.10     3.22     3.35     3.63  2000 1.00
mu[148]                3.23    0.00  0.19     2.88     3.10     3.22     3.35     3.63  2000 1.00
mu[149]                3.22    0.00  0.19     2.87     3.09     3.22     3.35     3.61  1993 1.00
mu[150]                3.22    0.00  0.19     2.87     3.09     3.22     3.35     3.61  1993 1.00
mu[151]                3.22    0.00  0.19     2.87     3.09     3.22     3.35     3.61  1993 1.00
mu[152]                3.22    0.00  0.19     2.87     3.09     3.22     3.35     3.61  1993 1.00
mu[153]                3.21    0.00  0.20     2.85     3.08     3.21     3.34     3.62  2000 1.00
mu[154]                3.21    0.00  0.20     2.85     3.08     3.21     3.34     3.62  2000 1.00
mu[155]                3.21    0.00  0.20     2.85     3.08     3.21     3.34     3.62  2000 1.00
mu[156]                3.21    0.00  0.20     2.85     3.08     3.21     3.34     3.62  2000 1.00
mu[157]                3.79    0.00  0.18     3.44     3.67     3.79     3.90     4.13  2000 1.00
mu[158]                3.79    0.00  0.18     3.44     3.67     3.79     3.90     4.13  2000 1.00
mu[159]                3.79    0.00  0.18     3.44     3.67     3.79     3.90     4.13  2000 1.00
mu[160]                3.22    0.00  0.19     2.86     3.09     3.22     3.35     3.60  2000 1.00
mu[161]                3.82    0.01  0.19     3.46     3.69     3.82     3.94     4.20  1365 1.00
mu[162]                3.26    0.00  0.20     2.89     3.12     3.25     3.39     3.68  1925 1.01
mu[163]                3.82    0.01  0.19     3.46     3.69     3.82     3.94     4.20  1365 1.00
mu[164]                3.82    0.01  0.19     3.46     3.69     3.82     3.94     4.20  1365 1.00
mu[165]                3.23    0.00  0.19     2.87     3.09     3.22     3.35     3.62  1980 1.00
mu[166]                3.23    0.00  0.19     2.87     3.09     3.22     3.35     3.62  1980 1.00
mu[167]                3.23    0.00  0.19     2.87     3.09     3.22     3.35     3.62  1980 1.00
mu[168]                3.79    0.00  0.17     3.45     3.67     3.79     3.91     4.14  2000 1.00
mu[169]                3.71    0.00  0.18     3.34     3.59     3.71     3.84     4.06  1794 1.00
mu[170]                3.15    0.00  0.20     2.76     3.01     3.15     3.29     3.52  1991 1.00
mu[171]                3.71    0.00  0.18     3.34     3.59     3.71     3.84     4.06  1794 1.00
mu[172]                3.71    0.00  0.18     3.34     3.59     3.71     3.84     4.06  1794 1.00
mu[173]                3.72    0.00  0.18     3.35     3.60     3.72     3.84     4.05  1942 1.00
mu[174]                3.15    0.00  0.20     2.77     3.01     3.15     3.29     3.53  2000 1.00
mu[175]                3.15    0.00  0.20     2.77     3.01     3.15     3.29     3.53  2000 1.00
mu[176]                3.15    0.00  0.20     2.77     3.01     3.15     3.29     3.53  2000 1.00
mu[177]                3.13    0.00  0.20     2.75     2.99     3.13     3.27     3.51  1737 1.00
mu[178]                3.13    0.00  0.20     2.75     2.99     3.13     3.27     3.51  1737 1.00
mu[179]                3.13    0.00  0.20     2.75     2.99     3.13     3.27     3.51  1737 1.00
mu[180]                3.13    0.00  0.20     2.75     2.99     3.13     3.27     3.51  1737 1.00
mu[181]                2.96    0.00  0.19     2.61     2.83     2.95     3.08     3.32  1947 1.00
mu[182]                2.96    0.00  0.19     2.61     2.83     2.95     3.08     3.32  1947 1.00
mu[183]                2.96    0.00  0.19     2.61     2.83     2.95     3.08     3.32  1947 1.00
mu[184]                3.52    0.00  0.19     3.14     3.40     3.52     3.64     3.88  1910 1.00
mu[185]                2.95    0.00  0.19     2.58     2.82     2.96     3.08     3.33  2000 1.00
mu[186]                2.95    0.00  0.19     2.58     2.82     2.96     3.08     3.33  2000 1.00
mu[187]                2.95    0.00  0.19     2.58     2.82     2.96     3.08     3.33  2000 1.00
mu[188]                2.95    0.00  0.19     2.58     2.82     2.96     3.08     3.33  2000 1.00
mu[189]                3.55    0.00  0.20     3.15     3.43     3.55     3.68     3.94  1895 1.00
mu[190]                3.55    0.00  0.20     3.15     3.43     3.55     3.68     3.94  1895 1.00
mu[191]                2.99    0.00  0.20     2.63     2.85     2.97     3.11     3.39  2000 1.00
mu[192]                2.99    0.00  0.20     2.63     2.85     2.97     3.11     3.39  2000 1.00
mu[193]                2.96    0.00  0.19     2.60     2.83     2.96     3.09     3.34  2000 1.00
mu[194]                2.96    0.00  0.19     2.60     2.83     2.96     3.09     3.34  2000 1.00
mu[195]                2.96    0.00  0.19     2.60     2.83     2.96     3.09     3.34  2000 1.00
mu[196]                2.96    0.00  0.19     2.60     2.83     2.96     3.09     3.34  2000 1.00
mu[197]                2.95    0.00  0.19     2.58     2.82     2.95     3.08     3.35  2000 1.00
mu[198]                2.95    0.00  0.19     2.58     2.82     2.95     3.08     3.35  2000 1.00
mu[199]                2.95    0.00  0.19     2.58     2.82     2.95     3.08     3.35  2000 1.00
mu[200]                2.95    0.00  0.19     2.58     2.82     2.95     3.08     3.35  2000 1.00
mu[201]                2.90    0.00  0.20     2.53     2.77     2.90     3.03     3.27  1905 1.00
mu[202]                2.90    0.00  0.20     2.53     2.77     2.90     3.03     3.27  1905 1.00
mu[203]                2.90    0.00  0.20     2.53     2.77     2.90     3.03     3.27  1905 1.00
mu[204]                2.90    0.00  0.20     2.53     2.77     2.90     3.03     3.27  1905 1.00
mu[205]                2.87    0.00  0.20     2.46     2.74     2.88     3.01     3.26  1628 1.00
mu[206]                2.87    0.00  0.20     2.46     2.74     2.88     3.01     3.26  1628 1.00
mu[207]                2.87    0.00  0.20     2.46     2.74     2.88     3.01     3.26  1628 1.00
mu[208]                2.87    0.00  0.20     2.46     2.74     2.88     3.01     3.26  1628 1.00
mu[209]                2.95    0.00  0.19     2.60     2.82     2.94     3.08     3.31  2000 1.00
mu[210]                2.95    0.00  0.19     2.60     2.82     2.94     3.08     3.31  2000 1.00
mu[211]                2.95    0.00  0.19     2.60     2.82     2.94     3.08     3.31  2000 1.00
mu[212]                2.95    0.00  0.19     2.60     2.82     2.94     3.08     3.31  2000 1.00
mu[213]                2.99    0.00  0.19     2.65     2.85     2.99     3.12     3.37  2000 1.00
mu[214]                2.99    0.00  0.19     2.65     2.85     2.99     3.12     3.37  2000 1.00
mu[215]                2.99    0.00  0.19     2.65     2.85     2.99     3.12     3.37  2000 1.00
mu[216]                2.99    0.00  0.19     2.65     2.85     2.99     3.12     3.37  2000 1.00
mu[217]                3.52    0.00  0.19     3.14     3.39     3.52     3.64     3.87  1916 1.00
mu[218]                2.95    0.00  0.19     2.59     2.83     2.95     3.07     3.33  2000 1.00
mu[219]                2.95    0.00  0.19     2.59     2.83     2.95     3.07     3.33  2000 1.00
mu[220]                2.95    0.00  0.19     2.59     2.83     2.95     3.07     3.33  2000 1.00
phi[1]                 3.27    0.02  0.96     1.70     2.59     3.19     3.86     5.48  1975 1.00
phi[2]                 3.27    0.02  0.96     1.70     2.59     3.19     3.86     5.48  1975 1.00
phi[3]                 3.27    0.02  0.96     1.70     2.59     3.19     3.86     5.48  1975 1.00
phi[4]                 3.61    0.02  1.10     1.94     2.86     3.46     4.19     6.05  2000 1.00
phi[5]                 3.61    0.02  1.10     1.94     2.86     3.46     4.19     6.05  2000 1.00
phi[6]                 3.11    0.03  1.14     1.44     2.28     2.91     3.76     5.80  2000 1.00
phi[7]                 3.03    0.02  1.05     1.45     2.26     2.87     3.60     5.53  2000 1.00
phi[8]                 3.03    0.02  1.05     1.45     2.26     2.87     3.60     5.53  2000 1.00
phi[9]                 3.55    0.03  1.14     1.83     2.79     3.37     4.16     6.09  1719 1.00
phi[10]                3.23    0.03  1.23     1.49     2.39     3.01     3.86     6.03  1963 1.00
phi[11]                3.23    0.03  1.23     1.49     2.39     3.01     3.86     6.03  1963 1.00
phi[12]                3.78    0.03  1.28     1.98     2.91     3.54     4.43     6.92  1645 1.00
phi[13]                3.43    0.02  1.01     1.81     2.71     3.30     3.97     5.79  2000 1.00
phi[14]                3.43    0.02  1.01     1.81     2.71     3.30     3.97     5.79  2000 1.00
phi[15]                3.43    0.02  1.01     1.81     2.71     3.30     3.97     5.79  2000 1.00
phi[16]                2.62    0.03  0.95     1.13     1.95     2.49     3.15     4.80  1327 1.00
phi[17]                3.07    0.02  0.98     1.46     2.41     2.98     3.60     5.23  1612 1.00
phi[18]                2.62    0.03  0.95     1.13     1.95     2.49     3.15     4.80  1327 1.00
phi[19]                2.62    0.03  0.95     1.13     1.95     2.49     3.15     4.80  1327 1.00
phi[20]                2.82    0.02  0.98     1.28     2.12     2.70     3.36     5.01  1760 1.00
phi[21]                2.82    0.02  0.98     1.28     2.12     2.70     3.36     5.01  1760 1.00
phi[22]                3.29    0.02  0.96     1.73     2.61     3.19     3.84     5.43  1902 1.00
phi[23]                3.29    0.02  0.96     1.73     2.61     3.19     3.84     5.43  1902 1.00
phi[24]                3.04    0.02  1.08     1.42     2.25     2.89     3.66     5.56  1929 1.00
phi[25]                3.55    0.03  1.11     1.87     2.78     3.38     4.11     6.27  1885 1.00
phi[26]                3.04    0.02  1.08     1.42     2.25     2.89     3.66     5.56  1929 1.00
phi[27]                3.04    0.02  1.08     1.42     2.25     2.89     3.66     5.56  1929 1.00
phi[28]                2.91    0.02  1.05     1.34     2.16     2.76     3.48     5.34  1902 1.00
phi[29]                3.37    0.02  0.94     1.88     2.70     3.26     3.92     5.48  2000 1.00
phi[30]                3.37    0.02  0.94     1.88     2.70     3.26     3.92     5.48  2000 1.00
phi[31]                3.37    0.02  0.94     1.88     2.70     3.26     3.92     5.48  2000 1.00
phi[32]                3.95    0.04  1.39     2.03     3.01     3.66     4.62     7.42  1420 1.00
phi[33]                3.37    0.03  1.30     1.50     2.45     3.15     4.02     6.40  1907 1.00
phi[34]                3.95    0.04  1.39     2.03     3.01     3.66     4.62     7.42  1420 1.00
phi[35]                1.93    0.02  0.66     0.91     1.44     1.84     2.32     3.47  1470 1.00
phi[36]                1.93    0.02  0.66     0.91     1.44     1.84     2.32     3.47  1470 1.00
phi[37]                2.26    0.02  0.68     1.16     1.79     2.18     2.64     3.90  1731 1.00
phi[38]                2.57    0.02  0.85     1.36     1.98     2.42     2.99     4.62  1574 1.00
phi[39]                2.57    0.02  0.85     1.36     1.98     2.42     2.99     4.62  1574 1.00
phi[40]                2.53    0.02  0.81     1.36     1.98     2.40     2.90     4.46  2000 1.00
phi[41]                2.53    0.02  0.81     1.36     1.98     2.40     2.90     4.46  2000 1.00
phi[42]                2.53    0.02  0.81     1.36     1.98     2.40     2.90     4.46  2000 1.00
phi[43]                2.49    0.02  0.81     1.33     1.95     2.34     2.90     4.37  1496 1.00
phi[44]                2.49    0.02  0.81     1.33     1.95     2.34     2.90     4.37  1496 1.00
phi[45]                2.15    0.02  0.74     1.00     1.64     2.05     2.56     3.98  2000 1.00
phi[46]                2.15    0.02  0.74     1.00     1.64     2.05     2.56     3.98  2000 1.00
phi[47]                2.15    0.02  0.74     1.00     1.64     2.05     2.56     3.98  2000 1.00
phi[48]                2.33    0.02  0.86     1.13     1.73     2.18     2.77     4.46  1270 1.01
phi[49]                2.75    0.03  1.03     1.39     2.09     2.54     3.18     5.31  1076 1.01
phi[50]                2.33    0.02  0.86     1.13     1.73     2.18     2.77     4.46  1270 1.01
phi[51]                2.33    0.02  0.86     1.13     1.73     2.18     2.77     4.46  1270 1.01
phi[52]                2.55    0.02  0.80     1.39     2.00     2.41     2.97     4.52  1573 1.00
phi[53]                2.55    0.02  0.80     1.39     2.00     2.41     2.97     4.52  1573 1.00
phi[54]                2.55    0.02  0.80     1.39     2.00     2.41     2.97     4.52  1573 1.00
phi[55]                2.17    0.02  0.74     1.08     1.64     2.05     2.60     3.94  1880 1.00
phi[56]                1.86    0.02  0.64     0.82     1.41     1.78     2.23     3.32  1151 1.00
phi[57]                2.18    0.02  0.67     1.13     1.71     2.12     2.54     3.76  1696 1.00
phi[58]                1.86    0.02  0.64     0.82     1.41     1.78     2.23     3.32  1151 1.00
phi[59]                1.86    0.02  0.64     0.82     1.41     1.78     2.23     3.32  1151 1.00
phi[60]                1.89    0.02  0.69     0.82     1.41     1.79     2.28     3.52  1557 1.00
phi[61]                2.20    0.01  0.66     1.16     1.73     2.13     2.56     3.71  2000 1.00
phi[62]                2.20    0.01  0.66     1.16     1.73     2.13     2.56     3.71  2000 1.00
phi[63]                2.20    0.01  0.66     1.16     1.73     2.13     2.56     3.71  2000 1.00
phi[64]                2.13    0.01  0.65     1.05     1.68     2.08     2.49     3.57  2000 1.00
phi[65]                2.13    0.01  0.65     1.05     1.68     2.08     2.49     3.57  2000 1.00
phi[66]                2.13    0.01  0.65     1.05     1.68     2.08     2.49     3.57  2000 1.00
phi[67]                2.13    0.01  0.65     1.05     1.68     2.08     2.49     3.57  2000 1.00
phi[68]                1.48    0.01  0.40     0.86     1.19     1.43     1.70     2.45  2000 1.00
phi[69]                1.48    0.01  0.40     0.86     1.19     1.43     1.70     2.45  2000 1.00
phi[70]                1.48    0.01  0.40     0.86     1.19     1.43     1.70     2.45  2000 1.00
phi[71]                1.29    0.01  0.49     0.56     0.93     1.23     1.55     2.44  1686 1.00
phi[72]                1.47    0.01  0.41     0.82     1.19     1.41     1.69     2.45  2000 1.00
phi[73]                1.47    0.01  0.41     0.82     1.19     1.41     1.69     2.45  2000 1.00
phi[74]                1.47    0.01  0.41     0.82     1.19     1.41     1.69     2.45  2000 1.00
phi[75]                1.47    0.01  0.41     0.82     1.19     1.41     1.69     2.45  2000 1.00
phi[76]                1.58    0.01  0.51     0.86     1.24     1.49     1.82     2.80  2000 1.00
phi[77]                1.58    0.01  0.51     0.86     1.24     1.49     1.82     2.80  2000 1.00
phi[78]                1.49    0.01  0.46     0.82     1.19     1.42     1.72     2.57  1987 1.00
phi[79]                1.49    0.01  0.46     0.82     1.19     1.42     1.72     2.57  1987 1.00
phi[80]                1.46    0.01  0.43     0.80     1.17     1.41     1.69     2.47  2000 1.00
phi[81]                1.46    0.01  0.43     0.80     1.17     1.41     1.69     2.47  2000 1.00
phi[82]                1.33    0.01  0.37     0.72     1.07     1.29     1.53     2.16  1709 1.00
phi[83]                1.33    0.01  0.37     0.72     1.07     1.29     1.53     2.16  1709 1.00
phi[84]                1.33    0.01  0.37     0.72     1.07     1.29     1.53     2.16  1709 1.00
phi[85]                1.33    0.01  0.37     0.72     1.07     1.29     1.53     2.16  1709 1.00
phi[86]                1.26    0.01  0.36     0.65     1.01     1.22     1.47     2.08  1682 1.00
phi[87]                1.26    0.01  0.36     0.65     1.01     1.22     1.47     2.08  1682 1.00
phi[88]                1.26    0.01  0.36     0.65     1.01     1.22     1.47     2.08  1682 1.00
phi[89]                1.26    0.01  0.36     0.65     1.01     1.22     1.47     2.08  1682 1.00
phi[90]                1.45    0.01  0.40     0.82     1.17     1.39     1.67     2.38  2000 1.00
phi[91]                1.45    0.01  0.40     0.82     1.17     1.39     1.67     2.38  2000 1.00
phi[92]                1.45    0.01  0.40     0.82     1.17     1.39     1.67     2.38  2000 1.00
phi[93]                1.45    0.01  0.40     0.82     1.17     1.39     1.67     2.38  2000 1.00
phi[94]                1.59    0.01  0.49     0.91     1.24     1.50     1.84     2.81  1865 1.00
phi[95]                1.59    0.01  0.49     0.91     1.24     1.50     1.84     2.81  1865 1.00
phi[96]                1.59    0.01  0.49     0.91     1.24     1.50     1.84     2.81  1865 1.00
phi[97]                1.59    0.01  0.49     0.91     1.24     1.50     1.84     2.81  1865 1.00
phi[98]                1.27    0.01  0.48     0.57     0.93     1.19     1.53     2.45  1957 1.00
phi[99]                1.46    0.01  0.41     0.84     1.19     1.41     1.68     2.41  2000 1.00
phi[100]               1.46    0.01  0.41     0.84     1.19     1.41     1.68     2.41  2000 1.00
phi[101]               1.46    0.01  0.41     0.84     1.19     1.41     1.68     2.41  2000 1.00
phi[102]               0.76    0.00  0.19     0.45     0.63     0.75     0.87     1.19  1896 1.00
phi[103]               1.91    0.01  0.57     0.99     1.52     1.85     2.23     3.23  2000 1.00
phi[104]               0.76    0.00  0.19     0.45     0.63     0.75     0.87     1.19  1896 1.00
phi[105]               0.76    0.00  0.19     0.45     0.63     0.75     0.87     1.19  1896 1.00
phi[106]               0.85    0.01  0.23     0.48     0.69     0.82     0.97     1.38  1872 1.00
phi[107]               2.13    0.02  0.71     1.05     1.64     2.02     2.49     3.94  1854 1.00
phi[108]               0.85    0.01  0.23     0.48     0.69     0.82     0.97     1.38  1872 1.00
phi[109]               2.13    0.02  0.71     1.05     1.64     2.02     2.49     3.94  1854 1.00
phi[110]               2.08    0.01  0.65     1.07     1.63     1.99     2.42     3.61  1901 1.00
phi[111]               0.83    0.01  0.23     0.45     0.68     0.80     0.95     1.38  1878 1.00
phi[112]               2.08    0.01  0.65     1.07     1.63     1.99     2.42     3.61  1901 1.00
phi[113]               0.83    0.01  0.23     0.45     0.68     0.80     0.95     1.38  1878 1.00
phi[114]               2.21    0.02  0.74     1.14     1.69     2.07     2.56     4.03  1807 1.00
phi[115]               2.21    0.02  0.74     1.14     1.69     2.07     2.56     4.03  1807 1.00
phi[116]               2.21    0.02  0.74     1.14     1.69     2.07     2.56     4.03  1807 1.00
phi[117]               0.88    0.01  0.26     0.50     0.70     0.84     1.02     1.50  1862 1.00
phi[118]               0.80    0.00  0.21     0.47     0.66     0.78     0.92     1.29  2000 1.00
phi[119]               0.80    0.00  0.21     0.47     0.66     0.78     0.92     1.29  2000 1.00
phi[120]               2.02    0.01  0.67     1.04     1.58     1.92     2.35     3.64  2000 1.00
phi[121]               0.80    0.00  0.21     0.47     0.66     0.78     0.92     1.29  2000 1.00
phi[122]               1.79    0.01  0.52     0.90     1.42     1.74     2.09     2.98  1731 1.00
phi[123]               0.72    0.00  0.19     0.37     0.58     0.70     0.84     1.13  1531 1.00
phi[124]               1.79    0.01  0.52     0.90     1.42     1.74     2.09     2.98  1731 1.00
phi[125]               1.79    0.01  0.52     0.90     1.42     1.74     2.09     2.98  1731 1.00
phi[126]               1.93    0.01  0.57     1.00     1.52     1.87     2.26     3.25  1929 1.00
phi[127]               1.93    0.01  0.57     1.00     1.52     1.87     2.26     3.25  1929 1.00
phi[128]               0.77    0.00  0.20     0.45     0.63     0.76     0.89     1.19  1959 1.00
phi[129]               0.77    0.00  0.20     0.45     0.63     0.76     0.89     1.19  1959 1.00
phi[130]               2.07    0.01  0.64     1.09     1.63     1.99     2.41     3.53  2000 1.00
phi[131]               0.83    0.01  0.23     0.47     0.68     0.80     0.95     1.36  1925 1.00
phi[132]               2.07    0.01  0.64     1.09     1.63     1.99     2.41     3.53  2000 1.00
phi[133]               2.07    0.01  0.64     1.09     1.63     1.99     2.41     3.53  2000 1.00
phi[134]               1.98    0.01  0.60     1.02     1.57     1.92     2.31     3.34  1942 1.00
phi[135]               0.79    0.00  0.20     0.47     0.64     0.77     0.92     1.27  2000 1.00
phi[136]               0.79    0.00  0.20     0.47     0.64     0.77     0.92     1.27  2000 1.00
phi[137]               0.79    0.00  0.20     0.47     0.64     0.77     0.92     1.27  2000 1.00
phi[138]               0.93    0.01  0.31     0.51     0.72     0.87     1.07     1.69  1475 1.00
phi[139]               2.33    0.02  0.89     1.13     1.74     2.15     2.73     4.56  1573 1.00
phi[140]               0.93    0.01  0.31     0.51     0.72     0.87     1.07     1.69  1475 1.00
phi[141]               0.53    0.00  0.14     0.29     0.43     0.51     0.61     0.84  1649 1.00
phi[142]               1.32    0.01  0.40     0.69     1.03     1.28     1.56     2.24  2000 1.00
phi[143]               1.32    0.01  0.40     0.69     1.03     1.28     1.56     2.24  2000 1.00
phi[144]               0.53    0.00  0.14     0.29     0.43     0.51     0.61     0.84  1649 1.00
phi[145]               0.60    0.00  0.17     0.35     0.48     0.58     0.69     1.01  1604 1.00
phi[146]               0.60    0.00  0.17     0.35     0.48     0.58     0.69     1.01  1604 1.00
phi[147]               0.60    0.00  0.17     0.35     0.48     0.58     0.69     1.01  1604 1.00
phi[148]               0.60    0.00  0.17     0.35     0.48     0.58     0.69     1.01  1604 1.00
phi[149]               0.59    0.00  0.16     0.35     0.48     0.57     0.68     0.98  2000 1.00
phi[150]               0.59    0.00  0.16     0.35     0.48     0.57     0.68     0.98  2000 1.00
phi[151]               0.59    0.00  0.16     0.35     0.48     0.57     0.68     0.98  2000 1.00
phi[152]               0.59    0.00  0.16     0.35     0.48     0.57     0.68     0.98  2000 1.00
phi[153]               0.58    0.00  0.16     0.34     0.47     0.56     0.66     0.98  2000 1.00
phi[154]               0.58    0.00  0.16     0.34     0.47     0.56     0.66     0.98  2000 1.00
phi[155]               0.58    0.00  0.16     0.34     0.47     0.56     0.66     0.98  2000 1.00
phi[156]               0.58    0.00  0.16     0.34     0.47     0.56     0.66     0.98  2000 1.00
phi[157]               1.49    0.01  0.50     0.75     1.15     1.41     1.76     2.67  2000 1.00
phi[158]               1.49    0.01  0.50     0.75     1.15     1.41     1.76     2.67  2000 1.00
phi[159]               1.49    0.01  0.50     0.75     1.15     1.41     1.76     2.67  2000 1.00
phi[160]               0.59    0.00  0.17     0.33     0.48     0.57     0.68     1.00  2000 1.00
phi[161]               1.62    0.02  0.64     0.79     1.19     1.49     1.90     3.27  1611 1.00
phi[162]               0.64    0.01  0.21     0.36     0.50     0.60     0.74     1.18  1153 1.00
phi[163]               1.62    0.02  0.64     0.79     1.19     1.49     1.90     3.27  1611 1.00
phi[164]               1.62    0.02  0.64     0.79     1.19     1.49     1.90     3.27  1611 1.00
phi[165]               0.60    0.00  0.16     0.35     0.48     0.57     0.69     0.98  1885 1.00
phi[166]               0.60    0.00  0.16     0.35     0.48     0.57     0.69     0.98  1885 1.00
phi[167]               0.60    0.00  0.16     0.35     0.48     0.57     0.69     0.98  1885 1.00
phi[168]               1.50    0.01  0.49     0.77     1.16     1.43     1.74     2.71  2000 1.00
phi[169]               1.28    0.01  0.39     0.64     0.99     1.23     1.50     2.16  2000 1.00
phi[170]               0.51    0.00  0.14     0.27     0.42     0.50     0.59     0.81  1864 1.00
phi[171]               1.28    0.01  0.39     0.64     0.99     1.23     1.50     2.16  2000 1.00
phi[172]               1.28    0.01  0.39     0.64     0.99     1.23     1.50     2.16  2000 1.00
phi[173]               1.29    0.01  0.41     0.63     1.00     1.25     1.53     2.22  2000 1.00
phi[174]               0.51    0.00  0.13     0.29     0.42     0.50     0.59     0.82  1437 1.00
phi[175]               0.51    0.00  0.13     0.29     0.42     0.50     0.59     0.82  1437 1.00
phi[176]               0.51    0.00  0.13     0.29     0.42     0.50     0.59     0.82  1437 1.00
phi[177]               0.50    0.00  0.13     0.28     0.41     0.49     0.57     0.79  1566 1.00
phi[178]               0.50    0.00  0.13     0.28     0.41     0.49     0.57     0.79  1566 1.00
phi[179]               0.50    0.00  0.13     0.28     0.41     0.49     0.57     0.79  1566 1.00
phi[180]               0.50    0.00  0.13     0.28     0.41     0.49     0.57     0.79  1566 1.00
phi[181]               0.35    0.00  0.09     0.21     0.29     0.34     0.40     0.54  1931 1.00
phi[182]               0.35    0.00  0.09     0.21     0.29     0.34     0.40     0.54  1931 1.00
phi[183]               0.35    0.00  0.09     0.21     0.29     0.34     0.40     0.54  1931 1.00
phi[184]               0.88    0.01  0.31     0.43     0.66     0.83     1.04     1.59  2000 1.00
phi[185]               0.35    0.00  0.09     0.20     0.29     0.33     0.39     0.56  2000 1.00
phi[186]               0.35    0.00  0.09     0.20     0.29     0.33     0.39     0.56  2000 1.00
phi[187]               0.35    0.00  0.09     0.20     0.29     0.33     0.39     0.56  2000 1.00
phi[188]               0.35    0.00  0.09     0.20     0.29     0.33     0.39     0.56  2000 1.00
phi[189]               0.95    0.01  0.37     0.43     0.69     0.88     1.12     1.87  2000 1.00
phi[190]               0.95    0.01  0.37     0.43     0.69     0.88     1.12     1.87  2000 1.00
phi[191]               0.37    0.00  0.11     0.21     0.30     0.35     0.43     0.64  2000 1.00
phi[192]               0.37    0.00  0.11     0.21     0.30     0.35     0.43     0.64  2000 1.00
phi[193]               0.35    0.00  0.09     0.21     0.29     0.34     0.40     0.56  2000 1.00
phi[194]               0.35    0.00  0.09     0.21     0.29     0.34     0.40     0.56  2000 1.00
phi[195]               0.35    0.00  0.09     0.21     0.29     0.34     0.40     0.56  2000 1.00
phi[196]               0.35    0.00  0.09     0.21     0.29     0.34     0.40     0.56  2000 1.00
phi[197]               0.34    0.00  0.09     0.20     0.28     0.33     0.39     0.56  2000 1.00
phi[198]               0.34    0.00  0.09     0.20     0.28     0.33     0.39     0.56  2000 1.00
phi[199]               0.34    0.00  0.09     0.20     0.28     0.33     0.39     0.56  2000 1.00
phi[200]               0.34    0.00  0.09     0.20     0.28     0.33     0.39     0.56  2000 1.00
phi[201]               0.31    0.00  0.08     0.17     0.26     0.31     0.36     0.49  1650 1.00
phi[202]               0.31    0.00  0.08     0.17     0.26     0.31     0.36     0.49  1650 1.00
phi[203]               0.31    0.00  0.08     0.17     0.26     0.31     0.36     0.49  1650 1.00
phi[204]               0.31    0.00  0.08     0.17     0.26     0.31     0.36     0.49  1650 1.00
phi[205]               0.30    0.00  0.08     0.16     0.24     0.29     0.34     0.46  1630 1.00
phi[206]               0.30    0.00  0.08     0.16     0.24     0.29     0.34     0.46  1630 1.00
phi[207]               0.30    0.00  0.08     0.16     0.24     0.29     0.34     0.46  1630 1.00
phi[208]               0.30    0.00  0.08     0.16     0.24     0.29     0.34     0.46  1630 1.00
phi[209]               0.34    0.00  0.08     0.20     0.28     0.33     0.39     0.53  2000 1.00
phi[210]               0.34    0.00  0.08     0.20     0.28     0.33     0.39     0.53  2000 1.00
phi[211]               0.34    0.00  0.08     0.20     0.28     0.33     0.39     0.53  2000 1.00
phi[212]               0.34    0.00  0.08     0.20     0.28     0.33     0.39     0.53  2000 1.00
phi[213]               0.37    0.00  0.11     0.22     0.30     0.36     0.43     0.63  1820 1.00
phi[214]               0.37    0.00  0.11     0.22     0.30     0.36     0.43     0.63  1820 1.00
phi[215]               0.37    0.00  0.11     0.22     0.30     0.36     0.43     0.63  1820 1.00
phi[216]               0.37    0.00  0.11     0.22     0.30     0.36     0.43     0.63  1820 1.00
phi[217]               0.87    0.01  0.31     0.41     0.66     0.83     1.03     1.57  1914 1.00
phi[218]               0.34    0.00  0.09     0.21     0.28     0.33     0.39     0.55  2000 1.00
phi[219]               0.34    0.00  0.09     0.21     0.28     0.33     0.39     0.55  2000 1.00
phi[220]               0.34    0.00  0.09     0.21     0.28     0.33     0.39     0.55  2000 1.00
lp__               12831.15    1.27 20.49 12802.72 12816.29 12826.79 12842.48 12881.87   261 1.02

Samples were drawn using NUTS(diag_e) at Thu Feb 18 15:15:51 2016.
For each parameter, n_eff is a crude measure of effective sample size,
and Rhat is the potential scale reduction factor on split chains (at 
convergence, Rhat=1).
